0.014425088737763058	0.09118337616899774
0.014761092218380966	0.08119937049437768
0.015104922225479215	0.07745398096563529
0.015456761062278694	0.07472122710300243
0.015816795278387814	0.0725077079626388
0.016185215768713568	0.07062315005703382
0.016562217874676554	0.06897030221714302
0.016948001487783564	0.06749162214822432
0.017342771155612717	0.06614976590611799
0.01774673619026729	0.06491889330417713
0.018160110779355764	0.0637802355290442
0.01858311409955694	0.06271968060979866
0.019015970432830282	0.061726312175059375
0.019458909285333257	0.06079150625299374
0.01991216550910841	0.05990822991585504
0.02037597942660517	0.05907075618001542
0.020850596958101892	0.05827431680673885
0.021336269752096074	0.05751484433512543
0.021833255318731738	0.056788952936837285
0.02234181716633469	0.05609364010157837
0.022862224941128145	0.0554263829783504
0.023394754570202708	0.05478491380025311
0.023939688407816576	0.05416729231779855
0.024497315385103507	0.05357175226772954
0.025067931163267925	0.05299677341820778
0.0256518382903484	0.05244094075514519
0.02624934636163264	0.051903047901792426
0.02686077218380899	0.05138193801476949
0.02748643994294155	0.050876627223593
0.0281266813763579	0.05038617220812064
0.028781835948540637	0.04990974145398003
0.029452251031115925	0.04944657073888257
0.03013828208703454	0.048995939562693304
0.03084029285904303	0.04855722538206979
0.03155865556254492	0.04812980798973993
0.03229375108295425	0.04771314321612764
0.0330459691776461	0.04730672615490621
0.03381570868261104	0.04691006878881468
0.03460337772392334	0.04652274238156151
0.03540939393413469	0.04614433060381596
0.03623418467370869	0.04577444372299477
0.03707818725761279	0.04541273511946834
0.03794184918718872	0.04505885979176435
0.03882562838742345	0.04471250014228843
0.039729993449747134	0.044373369989745885
0.040655423880486506	0.0440411827746208
0.041602410355105465	0.043715674738879495
0.0425714549783677	0.04339660525836827
0.043563071550559294	0.043083735859598044
0.04457778583991241	0.04277684392730553
0.045616135861374606	0.04247572403773077
0.04667867216187144	0.04218017695366428
0.047765958112213756	0.04189001249739397
0.048878570205804384	0.04160505337512222
0.05001709836430248	0.04132513146517281
0.0511821462504079	0.04105008322320428
0.05237433158793108	0.04077975512118225
0.05359428648931842	0.04051400185525853
0.05484265779080661	0.04025268322452234
0.05612010739538394	0.0399956658746808
0.057427312623739686	0.0397428223940235
0.058764966573388935	0.03949403091230172
0.06013377848616163	0.03924917577420942
0.061534474124252406	0.03900814563944797
0.06296779615502886	0.03877083243943022
0.06443450454480407	0.03853713436434041
0.06593537696178038	0.03830695457746846
0.06747120918837977	0.03808019892775351
0.06904281554317782	0.037856774176685794
0.07065102931266663	0.03763659538555064
0.07229670319307387	0.03741958036586549
0.07398070974247412	0.03720564873557453
0.07570394184343028	0.03699471925966106
0.07746731317641196	0.036786720283461125
0.07927175870424089	0.03658158168295869
0.08111823516782057	0.036379234292831776
0.08300772159341302	0.03617960730266677
0.08494121981173139	0.03598263836407095
0.08691975498912388	0.03578826801860929
0.08894437617113059	0.035596436379402484
0.09101615683870122	0.03540708248143972
0.09313619547736901	0.0352201489474517
0.09530561615968217	0.03503558642828213
0.09752556914120217	0.03485334281879437
0.09979723147038434	0.03467336719714208
0.10212180761266461	0.03449560267730029
0.10450053008908307	0.034320009935958073
0.1069346601297828	0.034146543475019976
0.1094254883427309	0.0339751587150314
0.11197433539801588	0.033805808183283215
0.11458255272808444	0.03363844952727166
0.11725152324428882	0.03347304722833701
0.1199826620701247	0.03330956215957749
0.12277741729154845	0.03314795586371738
0.12563727072477143	0.03298818388194936
0.12856373870193855	0.03283021552438922
0.13155837287510766	0.03267401828977502
0.13462276103895612	0.03251955829839552
0.13775852797265034	0.03236680215554259
0.14096733630132532	0.03221570855599172
0.1442508873776306	0.03206625503740999
0.14761092218380967	0.03191841218833886
0.15104922225479214	0.03177215051487438
0.15456761062278693	0.031627440870521474
0.15816795278387813	0.03148424561419783
0.16185215768713568	0.03134254683361804
0.16562217874676555	0.03120231879693431
0.16948001487783565	0.03106353572397138
0.17342771155612716	0.03092617207935777
0.1774673619026729	0.030790194731446778
0.18160110779355765	0.03065558647610103
0.18583114099556938	0.030522326172417808
0.19015970432830293	0.030390391219883826
0.1945890928533326	0.03025975918662169
0.1991216550910842	0.0301304026141891
0.2037597942660518	0.03000230107520914
0.2085059695810189	0.029875439086783483
0.21336269752096074	0.029749796795530106
0.21833255318731737	0.02962535446074437
0.2234181716633469	0.029502091650077354
0.22862224941128145	0.0293799809925505
0.23394754570202708	0.029259013639238607
0.23939688407816578	0.02913917212662945
0.24497315385103507	0.029020439063504017
0.25067931163267926	0.02890279712481615
0.256518382903484	0.028786224552451802
0.2624934636163264	0.02867070422883142
0.2686077218380899	0.028556225907421996
0.2748643994294155	0.028442774257490623
0.281266813763579	0.028330333987372645
0.28781835948540635	0.02821888983936263
0.2945225103111592	0.028108420126047653
0.3013828208703454	0.027998914120466012
0.3084029285904303	0.027890361307220574
0.31558655562544913	0.02778274818767995
0.32293751082954253	0.027676061280073203
0.330459691776461	0.027570287115148345
0.3381570868261105	0.02746540547917778
0.34603377723923345	0.027361408207146574
0.3540939393413471	0.027258285846025753
0.3623418467370869	0.027156026484457956
0.3707818725761279	0.02705461821405238
0.3794184918718872	0.026954049125663522
0.38825628387423444	0.026854301837046023
0.3972999344974713	0.026755367177920774
0.406554238804865	0.026657238070971236
0.4160241035510546	0.02655990398824068
0.425714549783677	0.026463354397090053
0.43563071550559296	0.02636757875703621
0.4457778583991241	0.026272563793511245
0.456161358613746	0.026178296187813886
0.4667867216187144	0.026084772375858923
0.4776595811221376	0.025991983039354117
0.48878570205804384	0.025899918852411278
0.5001709836430248	0.02580857047881147
0.511821462504079	0.025717928569135705
0.5237433158793108	0.02562797698611339
0.5359428648931842	0.0255387126948064
0.5484265779080664	0.025450128685959333
0.5612010739538394	0.025362216692619878
0.5742731262373971	0.025274968438396616
0.5876496657338893	0.025188375635036734
0.6013377848616166	0.025102428531960246
0.615344741242524	0.025017114354434267
0.6296779615502889	0.024932431734968376
0.6443450454480407	0.02484837333376055
0.6593537696178041	0.024764931804817487
0.6747120918837974	0.02468209979394446
0.6904281554317782	0.024599869936647978
0.7065102931266659	0.024091515975825907
0.7229670319307387	0.023625480199793436
0.7398070974247412	0.02321274827479683
0.7570394184343028	0.02285037264145715
0.7746731317641197	0.022520860839470584
0.7927175870424089	0.02222863973830172
0.8111823516782058	0.021967171947446965
0.8300772159341302	0.02172613555303413
0.8494121981173138	0.02150557972621901
0.8691975498912389	0.0213016538458955
0.8894437617113059	0.021108911304897116
0.9101615683870122	0.020928928992194246
0.93136195477369	0.02074294718744569
0.9530561615968217	0.02056485851420582
0.9752556914120216	0.020396687382438827
0.9979723147038434	0.020219914687748447
1.0212180761266465	0.020055847398717717
1.0450053008908309	0.01989623339338222
1.0693466012978283	0.01973320813340196
1.0942548834273094	0.019582055749811027
1.1197433539801591	0.01943306234896606
1.1458255272808446	0.019282258227992982
1.1725152324428885	0.019142484309172897
1.1998266207012467	0.019006115003457568
1.2277741729154843	0.018865834374849556
1.256372707247714	0.01873593655909244
1.2856373870193851	0.018614675193339272
1.3155837287510765	0.01848349553770505
1.3462276103895612	0.01836213369143131
1.3775852797265034	0.01823693136838976
1.4096733630132534	0.018097883626962182
1.4425088737763059	0.01796191736675438
1.4761092218380973	0.01783521055847835
1.5104922225479214	0.017704387664448692
1.54567610622787	0.017573839714523726
1.5816795278387812	0.01745202783835014
1.6185215768713561	0.01733039313598515
1.6562217874676555	0.0172044646783382
1.6948001487783555	0.017086693250232234
1.7342771155612715	0.01697539223907062
1.774673619026728	0.016853349349665477
1.8160110779355765	0.016738883016656034
1.858311409955693	0.01663253419154731
1.9015970432830294	0.016519951587432715
1.9458909285333248	0.016408283573092427
1.9912165509108422	0.016304054104810527
2.037597942660517	0.01620392126459308
2.08505969581019	0.016094189526890776
2.1336269752096073	0.015991072531123123
2.183325531873175	0.015894981355201183
2.234181716633469	0.01579486915542616
2.2862224941128155	0.015692139594290007
2.3394754570202707	0.01559572932567487
2.393968840781659	0.015505767310153677
2.449731538510351	0.015405718238979658
2.5067931163267936	0.015308496359683255
2.56518382903484	0.015217610378194746
2.6249346361632653	0.015131481870685509
2.686077218380899	0.015033812041528866
2.7486439942941563	0.014941958152576798
2.81266813763579	0.014856471498347268
2.878183594854065	0.014772710160372685
2.9452251031115924	0.014680399600049356
3.0138282087034525	0.014593785058614401
3.084029285904303	0.01451319993302598
3.15586555625449	0.014433367673969634
3.229375108295425	0.014345657046048992
3.3045969177646084	0.014263325806578197
3.381570868261105	0.014186659143644278
3.4603377723923323	0.014111911566566273
3.540939393413471	0.01402786489173099
3.6234184673708674	0.013948864419718017
3.707818725761281	0.013875247385764214
3.794184918718872	0.013806756274170422
3.8825628387423468	0.013725629812577128
3.972999344974713	0.013649145875389186
4.0655423880486525	0.01357786133563041
4.160241035510547	0.013511443629737115
4.257145497836772	0.013437530975530857
4.356307155055929	0.013363005611731107
4.457778583991243	0.013293262514416477
4.561613586137461	0.013228206665563094
4.667867216187146	0.013162508002386551
4.776595811221376	0.013089318524440206
4.887857020580441	0.013020495719062953
5.001709836430249	0.012956300752672487
5.1182146250407925	0.012896515377784131
5.237433158793109	0.012827552994283889
5.359428648931839	0.012759400219789744
5.484265779080664	0.012695755086832928
5.612010739538391	0.012636433939179707
5.7427312623739715	0.012578066975774986
5.87649665733889	0.012510594652657818
6.013377848616166	0.01244714465779345
6.153447412425237	0.012388069318380143
6.296779615502889	0.012333071064326013
6.443450454480404	0.012274543113617873
6.593537696178041	0.012211262762678877
6.747120918837974	0.012151930507078903
6.904281554317786	0.01209663672087787
7.06510293126666	0.01204515322278738
7.229670319307391	0.011988090959032568
7.398070974247411	0.01192815815145792
7.570394184343032	0.011872009995083825
7.7467313176411965	0.011819637520703622
7.927175870424093	0.011770847386498522
8.111823516782058	0.011716633719762018
8.300772159341307	0.011659302297163755
8.494121981173139	0.011605549720815216
8.691975498912393	0.0115553837691529
8.89443761711306	0.011508593569932522
9.101615683870127	0.011458457209789927
9.3136195477369	0.011403028469066991
9.530561615968212	0.011350911427312989
9.752556914120216	0.011302254069048829
9.97972314703843	0.011256807339207432
10.212180761266463	0.011211737886663674
10.450053008908304	0.011157662263621195
10.693466012978282	0.011106677843922465
10.942548834273087	0.011059173080580827
11.197433539801592	0.011014853748632142
11.458255272808442	0.010973670941516727
11.725152324428885	0.01092356091121309
11.998266207012467	0.010873854128946729
12.27774172915485	0.01082752450830776
12.563727072477139	0.0107843846386796
12.856373870193858	0.010744243009441023
13.155837287510765	0.010703123908710914
13.462276103895618	0.01065467601677206
13.775852797265033	0.010609119491852833
14.09673363013254	0.010566720991077935
14.425088737763058	0.010527192593533116
14.761092218380973	0.010490423090554599
15.104922225479214	0.010449544629849308
15.456761062278702	0.010404535736481329
15.816795278387813	0.010362359256168395
16.185215768713576	0.0103231136402005
16.562217874676556	0.010286560516694092
16.94800148778357	0.010252592312103157
17.342771155612716	0.010215520573250116
17.74673619026728	0.010173687561693158
18.160110779355765	0.010134504480570258
18.58311409955693	0.010098116954498769
19.015970432830294	0.010064298107790158
19.45890928533325	0.010032890245546332
19.91216550910842	0.010003877292294431
20.375979426605173	0.009966513235158004
20.850596958101903	0.009930415380839643
21.336269752096076	0.009897070452092635
21.833255318731748	0.009866297224599977
22.34181716633469	0.009837938862341512
22.862224941128158	0.00981185234486681
23.394754570202707	0.009787938954144766
23.93968840781659	0.009762834693535227
24.49731538510351	0.00973370323167314
25.067931163267936	0.009706840707702542
25.6518382903484	0.009682366850042493
26.249346361632654	0.009660064831234322
26.86077218380899	0.009639772943906623
27.486439942941562	0.009621336949593964
28.1266813763579	0.009604608888700966
28.78183594854065	0.009589445236821087
29.452251031115924	0.009575704712532409
30.138282087034558	0.009563246248513284
30.84029285904303	0.009551977985931834
31.5586555625449	0.009537607515016871
32.29375108295425	0.009523562445351167
33.045969177646086	0.009510574035307013
33.81570868261105	0.009498456505476894
34.60337772392332	0.009487034447473524
35.40939393413471	0.009476164212832395
36.234184673708675	0.009465732935147044
37.07818725761281	0.009455659549350612
37.94184918718872	0.009445892246403942
38.825628387423464	0.009436403140885697
39.72999344974713	0.00942718160669252
40.655423880486524	0.009418227828685387
41.60241035510546	0.00940954764248121
42.571454978367726	0.009401148937621156
43.56307155055929	0.009393039543593532
44.57778583991244	0.009385226090594523
45.6161358613746	0.009377712840926365
46.67867216187146	0.009370500923196138
47.76595811221376	0.009363587559673502
48.87857020580441	0.009356965306929487
50.017098364302484	0.009350621404749808
51.182146250407925	0.009344537354326585
52.37433158793108	0.009338688866701203
53.59428648931845	0.009333077386707042
54.84265779080664	0.009325101329882068
56.12010739538391	0.009317078471536887
57.42731262373971	0.00930921731143102
58.76496657338891	0.009301455074447018
60.13377848616166	0.009293747421148333
61.53447412425238	0.009286061665531455
62.967796155028886	0.009278377613419942
64.43450454480404	0.009270687764545746
65.9353769617804	0.009262995951307286
67.47120918837975	0.009255314882120069
69.04281554317785	0.009247663277763591
70.6510293126666	0.009240063248417876
72.29670319307391	0.009232538302732489
73.98070974247412	0.009225112035199908
75.70394184343031	0.009217807394345962
77.46731317641196	0.009210646262642992
79.27175870424094	0.009203648989024024
81.11823516782059	0.009196833970496044
83.00772159341307	0.009190217119869922
84.94121981173139	0.009183811208901023
86.91975498912393	0.009177625105451361
88.94437617113059	0.00917166294360286
91.01615683870128	0.00916592329324646
93.136195477369	0.00916039842808205
95.30561615968222	0.009155073823688518
97.52556914120217	0.009149928042131751
99.79723147038429	0.009144933164177861
102.1218076126647	0.009140055899715364
104.5005300890831	0.009135259428481294
106.93466012978277	0.009130505893303373
109.42548834273082	0.009125759302697357
111.97433539801597	0.009121014035103198
114.58255272808448	0.00911413430246696
117.25152324428879	0.009084112794475572
119.98266207012462	0.009048466793157775
122.77741729154855	0.009015204663870256
125.63727072477145	0.008984168940524648
128.56373870193852	0.008955227884941627
131.55837287510758	0.00892818367534385
134.62276103895627	0.008898174780806845
137.7585279726504	0.008862510662795222
140.96733630132533	0.008829313351585447
144.2508873776305	0.008798382355153594
147.61092218380952	0.008769569615733839
151.04922225479223	0.008742754451971889
154.56761062278693	0.008717676076669
158.16795278387804	0.008686396636368972
161.85215768713553	0.008653118204889051
165.62217874676563	0.008622154118007118
169.48001487783563	0.008593320080825697
173.42771155612706	0.008566464934804044
177.4673619026727	0.00854146627827336
181.60110779355736	0.008518057916975283
185.8311409955694	0.008488129743913723
190.15970432830284	0.008456624501363983
194.58909285333237	0.008427251203215528
199.1216550910839	0.008399837875183485
203.7597942660518	0.008374245440299886
208.50596958101892	0.008350360555315803
213.36269752096064	0.008327978811676691
218.33255318731716	0.008301220936234832
223.418171663347	0.008270570337066192
228.62224941128144	0.008241971356489288
233.94754570202696	0.008215262455267556
239.39688407816553	0.008190323486047348
244.97315385103522	0.008167046956712061
250.67931163267923	0.008145320928305496
256.5183829034839	0.008123172124443006
262.49346361632615	0.008093033722130003
268.60772183809	0.00806498334817574
274.86439942941547	0.008038838299176307
281.26681376357885	0.008014476198708952
287.81835948540606	0.007991781368166034
294.5225103111594	0.007970659774514176
301.3828208703454	0.007950908158596523
308.4029285904301	0.00792615492083412
315.58655562544885	0.007898640137837584
322.9375108295427	0.007873058528764874
330.459691776461	0.00784926066880872
338.15708682611034	0.00782713247100727
346.0337772392331	0.007806569312832538
354.0939393413465	0.007787488768691316
362.34184673708694	0.007769714670084631
370.7818725761279	0.007747593961477048
379.418491871887	0.007722750378058207
388.2562838742341	0.007699811211437352
397.2999344974715	0.007678645632302832
406.554238804865	0.007659155002645625
416.0241035510544	0.007641247559166112
425.7145497836766	0.007624838061125735
435.6307155055932	0.007609850276862235
445.7778583991241	0.007596205868653442
456.1613586137458	0.007582593323724192
466.7867216187139	0.007564038541513554
477.65958112213787	0.007547424064885578
488.7857020580438	0.007532624622981399
500.17098364302456	0.007519556406064435
511.8214625040785	0.007508138776592082
523.7433158793111	0.007498291799070958
535.9428648931842	0.007489933156394189
548.4265779080661	0.007482974395632574
561.2010739538389	0.0074773165833595485
574.2731262373974	0.007472845659870819
587.6496657338894	0.007469428115250188
601.3377848616163	0.007466908028969917
615.3447412425235	0.0074651069382242466
629.6779615502878	0.007463828148814205
644.3450454480408	0.007462866720865659
659.3537696178038	0.0074620250453855015
674.712091883797	0.007461131846260644
690.4281554317776	0.007460060170483424
706.5102931266663	0.0074587389168025665
722.9670319307387	0.007457153764924063
739.8070974247407	0.007455337046288624
757.039418434302	0.007453350324457883
774.6731317641201	0.007451265874249979
792.7175870424089	0.007449152556767315
811.1823516782054	0.007447068597589011
830.0772159341294	0.007445060512517624
849.4121981173142	0.007443165531071703
869.1975498912389	0.007441414716607807
889.4437617113055	0.007439835725785753
910.1615683870114	0.0074384759538265255
931.3619547736905	0.007437337928752022
953.0561615968217	0.007436436245103751
975.2556914120212	0.007435779473569021
997.9723147038424	0.007435368892562744
1021.2180761266469	0.007435197630393721
1045.005300890831	0.0074352502323170935
1069.3466012978276	0.007435502814359591
1094.2548834273082	0.007435923937482224
1119.7433539801575	0.007436476408752026
1145.8255272808447	0.007437122168314291
1172.515232442888	0.007437810842738302
1199.8266207012462	0.007438511413514093
1227.774172915483	0.007439205763030747
1256.3727072477145	0.007439886728009415
1285.6373870193852	0.0074405570018536505
1315.583728751076	0.007441226747857575
1346.22761038956	0.007441910317859207
1377.585279726504	0.007442623067048795
1409.6733630132533	0.007443378614767414
1442.508873776305	0.007444176600888832
1476.1092218380952	0.007445010969679052
1510.4922225479222	0.007445869958749633
1545.6761062278695	0.0074467379515982726
1581.6795278387804	0.007447597901903085
1618.5215768713551	0.007448434183859022
1656.2217874676562	0.007449235449660276
1694.8001487783563	0.007449991688090429
1734.2771155612706	0.007450718269435995
1774.673619026727	0.0074514333808554465
1816.0110779355775	0.007452157474627533
1858.311409955694	0.007452911976327754
1901.5970432830284	0.00745371638650465
1945.8909285333239	0.0074545858452363155
1991.216550910839	0.0074555294459426645
2037.5979426605181	0.007456549625310888
2085.059695810189	0.007457645351267833
2133.6269752096064	0.007458803094688015
2183.3255318731713	0.007460014973295813
2234.18171663347	0.007461279044578879
2286.2224941128143	0.0074626020711033745
2339.4754570202695	0.007464002293944631
2393.968840781655	0.0074655109893565835
2449.731538510352	0.007467172538011032
2506.793116326792	0.007469042987949507
2565.1838290348387	0.007471187608456551
2624.934636163261	0.007473686442541379
2686.0772183809004	0.007476632773056791
2748.6439942941547	0.007480079383283226
2812.6681376357883	0.0074840975284206105
2878.1835948540606	0.007488758336585161
2945.225103111594	0.007494134486571163
3013.828208703454	0.007500302897480441
3084.029285904301	0.007507348605856999
3155.865556254488	0.007515369685699602
3229.375108295427	0.007524482791216934
3304.59691776461	0.007534828557537666
3381.5708682611034	0.007546575765602027
3460.337772392331	0.007559929164783168
3540.9393934134655	0.007575083609090419
3623.418467370869	0.007589686791271418
3707.818725761279	0.0076012423487431795
3794.1849187188704	0.007614317737966589
3882.562838742341	0.007629018095687585
3972.999344974715	0.007645457365610502
4065.5423880486505	0.007663728628584744
4160.241035510544	0.007683903074895992
4257.145497836766	0.007706033131714478
4356.307155055932	0.007730180532718229
4457.778583991241	0.007756241142000376
4561.613586137458	0.007775671501844466
4667.867216187139	0.007793792895151313
4776.595811221378	0.007813257280368129
4887.857020580438	0.007834113235032244
5001.709836430246	0.00785643333516739
5118.214625040785	0.007880299216597072
5237.433158793111	0.007883419837559717
5359.428648931842	0.007858210760133058
5484.265779080662	0.007834725527256621
5612.010739538388	0.007812890780550264
5742.7312623739745	0.007792630076950338
5876.496657338894	0.00777430588533054
6013.377848616163	0.007753367562511269
6153.447412425235	0.007726358753444578
6296.779615502878	0.007702054743925185
6443.450454480407	0.007679586318859649
6593.537696178038	0.0076588214957868965
6747.120918837971	0.007639635262503965
6904.281554317775	0.007621909549573324
7065.102931266663	0.007605679423772467
7229.670319307387	0.007589816303233148
7398.070974247408	0.007570678779507084
7570.39418434302	0.007548819399647855
7746.7313176412	0.007528969466223459
7927.175870424089	0.007510581142041628
8111.823516782054	0.007493529918572481
8300.772159341293	0.0074777005498887295
8494.121981173143	0.007462986682202492
8691.975498912389	0.007449290737995181
8894.437617113055	0.0074365237809877775
9101.615683870114	0.007424819272711423
9313.619547736906	0.0074123238171168795
9530.561615968218	0.0073963326162612515
9752.556914120212	0.007379680431752426
9979.723147038425	0.007364214445217553
10212.180761266469	0.007349669488534749
10450.05300890831	0.007335970922905309
10693.466012978277	0.007323050227822695
10942.548834273082	0.007310844793193539
11197.433539801574	0.0072992979205770145
11458.255272808447	0.007288358835944187
11725.152324428878	0.007277982565561344
11998.26620701246	0.007268129575968735
12277.74172915483	0.007258768515734839
12563.727072477146	0.007250114750831723
12856.373870193851	0.007239668820281559
13155.83728751076	0.007225485129989862
13462.276103895598	0.007212351992273596
13775.85279726504	0.007199841078176408
14096.733630132534	0.0071879212739109685
14425.08873776305	0.0071765638782460145
14761.09221838095	0.0071657422643971475
15104.922225479222	0.007155431558304931
15456.761062278694	0.007145608332261147
15816.795278387805	0.0071362503551623616
16185.215768713551	0.007127336388863027
16562.217874676564	0.007118846064660243
16948.001487783564	0.007110759830935669
17342.771155612707	0.007103058949842513
17746.73619026727	0.007095725521250685
18160.110779355775	0.0070887968566041544
18583.11409955694	0.007081937180495529
19015.970432830283	0.007073280845760998
19458.909285333237	0.007062584736453309
19912.165509108432	0.007052624469023636
20375.979426605183	0.0070431412089020096
20850.59695810189	0.007034111549748916
21336.269752096065	0.007025512298548714
21833.255318731713	0.007017320298492653
22341.817166334702	0.0070095123411469794
22862.224941128145	0.0070020651901938945
23394.754570202695	0.006994955744481952
23939.688407816553	0.006988161364583681
24497.31538510352	0.0069816603377016615
25067.931163267924	0.006975432445185318
25651.838290348387	0.0069694595900084335
26249.34636163261	0.006963726367528443
26860.772183809004	0.006958220489276869
27486.43994294155	0.006952932995351534
28126.681376357887	0.006947858206934678
28781.835948540607	0.006942993440070472
29452.25103111594	0.006938338569590299
30138.282087034542	0.006933895514319494
30840.292859043013	0.00692966776039117
31558.655562544882	0.006925659953263715
32293.75108295427	0.006921957389685476
33045.969177646104	0.006917895391382586
33815.70868261103	0.00691255074236974
34603.37772392331	0.006907068592959033
35409.39393413473	0.006902084973839233
36234.18467370869	0.0068975469968236
37078.18725761279	0.006893459508835044
37941.8491871887	0.006889823096823657
38825.62838742341	0.0068866327378210865
39729.99344974715	0.006883876451893835
40655.4238804865	0.006881534175518561
41602.41035510544	0.006879577059289008
42571.454978367656	0.0068779675018828925
43563.07155055932	0.006876660220188778
44577.78583991241	0.006875604569777417
45616.13586137458	0.006874748157355234
46678.672161871385	0.006874041504199115
47765.95811221378	0.006873443169385709
48878.57020580438	0.006872924458123457
50017.09836430246	0.006872472751349567
51182.14625040785	0.006872092737122609
52374.33158793111	0.006871805295535065
53594.286489318416	0.006871644400879929
54842.65779080661	0.0068716528764233035
56120.107395383886	0.006871877894438025
57427.312623739745	0.006872366952815756
58764.966573388934	0.00687316460395171
60133.77848616163	0.006874309885723225
61534.474124252345	0.00687583430163177
62967.79615502892	0.0068777602360272794
64434.50454480407	0.006880099894740949
65935.37696178038	0.006882854976781034
67471.20918837971	0.006886017450882596
69042.81554317776	0.006889571675630762
70651.02931266664	0.006893497962623043
72296.70319307387	0.006897777338258072
73980.70974247408	0.006902396823786335
75703.9418434302	0.0069073542309154865
77467.313176412	0.006912744706758095
79271.75870424088	0.006917908627126005
81118.23516782055	0.006921818076612231
83007.72159341293	0.006925455867045541
84941.21981173143	0.0069294444756818445
86919.75498912389	0.006933763388351739
88944.37617113054	0.0069384516073836035
91016.15683870114	0.006943552659838785
93136.19547736905	0.006949116553921235
95305.61615968218	0.006955201642906722
97525.56914120211	0.006961875553181756
99797.23147038424	0.006969214578988567
102121.80761266469	0.006977301297650559
104500.5300890831	0.006986220660923992
106934.66012978277	0.0069960551892619275
109425.48834273082	0.007006879963920276
111974.33539801597	0.0070187579824317475
114582.55272808447	0.0070317359539908
117251.5232442888	0.0070458400288954896
119982.66207012461	0.0070612601599498795
122777.41729154829	0.00707646485583527
125637.27072477146	0.00708835125418438
128563.7387019385	0.0070984667152887825
131558.3728751076	0.007109183300725097
134622.76103895597	0.0071201224982454766
137758.5279726504	0.007131077892244908
140967.33630132533	0.007141806961824046
144250.8873776305	0.007152049923672729
147610.9221838095	0.007161558172271203
151049.22225479223	0.007170125616040534
154567.61062278695	0.00717761561541351
158167.95278387805	0.007183976437554995
161852.15768713554	0.007189242043988993
165622.17874676562	0.007193517427871582
169480.01487783564	0.007196953563244476
173427.71155612706	0.007199720006726004
177467.3619026727	0.007201981247435565
181601.10779355775	0.007203880342199844
185831.14099556938	0.007205530402273901
190159.70432830282	0.0072070138012540075
194589.09285333237	0.007208386281614022
199121.6550910843	0.0072096828980476
203759.79426605182	0.007210924839510383
208505.96958101893	0.007212125714772073
213362.69752096065	0.007213296923212488
218332.55318731716	0.007214451556617311
223418.17166334702	0.007215606448402883
228622.24941128143	0.007216783742318087
233947.54570202695	0.007218010287335579
239396.88407816552	0.0072193145413118505
244973.1538510352	0.007220723392427124
250679.31163267925	0.0072222582580496
256518.38290348387	0.007223931296471925
262493.4636163261	0.007225742637833432
268607.72183809004	0.007227680461970955
274864.39942941547	0.007229721903874441
281266.81376357883	0.007231835371861716
287818.3594854061	0.007233986480470129
294522.5103111594	0.007236142591234453
301382.8208703454	0.007238276884212622
308402.9285904301	0.007240376828294042
315586.5556254488	0.007242478162541638
322937.5108295427	0.007244341429205401
330459.691776461	0.007245658620296387
338157.0868261104	0.007246862515276206
346033.7772392331	0.007248115900027323
354093.93934134726	0.007249414077922286
362341.84673708695	0.007250764818288226
370781.8725761279	0.007252173110686928
379418.491871887	0.007253643245178992
388256.28387423407	0.007255180537765611
397299.9344974715	0.007256793579684182
406554.23880486505	0.007258495514066595
416024.10355105443	0.007260304115050044
425714.5497836766	0.007262240918197276
435630.71550559317	0.007264328502363512
445777.8583991241	0.00726658790448731
456161.3586137458	0.007269036367693322
466786.72161871387	0.007271684434234588
477659.58112213784	0.007274535598163776
488785.7020580438	0.007277587841508922
500170.9836430246	0.007280833521701347
511821.4625040785	0.0072842613676565564
523743.3158793111	0.007287865164183696
535942.8648931842	0.007291643306252714
548426.5779080661	0.007295599853473665
561201.0739538388	0.007299742782269558
574273.1262373974	0.00730408218292438
587649.6657338893	0.007308627642303371
601337.7848616163	0.007313385393663075
615344.7412425234	0.007318357108971806
629677.9615502892	0.007323541130016791
644345.0454480407	0.007328935120411007
659353.7696178037	0.007334539652502002
674712.0918837971	0.007340361648703009
690428.1554317775	0.0073464168242139685
706510.2931266663	0.0073527310096495975
722967.0319307387	0.00735933950766548
739807.0974247408	0.007366285264880489
757039.418434302	0.007373617006894816
774673.1317641201	0.007381387602910049
792717.5870424089	0.007389653657096331
811182.3516782054	0.007398499693474939
830077.2159341294	0.007407931735183647
849412.1981173143	0.007416200117572739
869197.5498912388	0.007422296045338389
889443.7617113055	0.007429057116398443
910161.5683870113	0.0074362706024130275
931361.9547736906	0.007443952435164942
953056.1615968217	0.007452120345196347
975255.6914120212	0.0074607978971086165
997972.3147038424	0.007470017661578965
1.021218076126647e6	0.007479823400195344
1.0450053008908309e6	0.007490270951615494
1.0693466012978277e6	0.007501428213122991
1.0942548834273082e6	0.007513375373850894
1.1197433539801596e6	0.007526205484560466
1.1458255272808447e6	0.007540025405397958
1.172515232442888e6	0.007554957338905285
1.1998266207012462e6	0.007571437224590037
1.2277741729154855e6	0.007587068488997528
1.2563727072477145e6	0.007598927015983073
1.2856373870193851e6	0.007611176772442283
1.315583728751076e6	0.007624632822345165
1.3462276103895598e6	0.007639310203016907
1.377585279726504e6	0.007655291358738841
1.4096733630132533e6	0.007672675104490555
1.442508873776305e6	0.007691612806910716
1.4761092218380952e6	0.0077122361156561495
1.5104922225479193e6	0.007734958502929811
1.5456761062278661e6	0.007757860437502577
1.5816795278387838e6	0.007776701347259095
1.6185215768713586e6	0.007793808055569819
1.6562217874676562e6	0.007813669660762919
1.6948001487783564e6	0.007835856656256909
1.7342771155612706e6	0.007859118505854714
1.774673619026727e6	0.007860733887033084
1.8160110779355736e6	0.007847368740454944
1.8583114099556901e6	0.007834395080329943
1.9015970432830323e6	0.007821843588243489
1.9458909285333278e6	0.007809686295861857
1.991216550910843e6	0.0077979154722389475
2.0375979426605182e6	0.00778662211943083
2.0850596958101892e6	0.007775861475546175
2.1336269752096063e6	0.007764998904509304
2.1833255318731717e6	0.007750826958689451
2.2341817166334656e6	0.007734710841868608
2.2862224941128097e6	0.007719273898665161
2.3394754570202744e6	0.007704360080658098
2.3939688407816603e6	0.0076899186103468195
2.449731538510352e6	0.007675841645773232
2.5067931163267926e6	0.007662204734569237
2.565183829034839e6	0.0076490303516048765
2.6249346361632613e6	0.007636297005065628
2.686077218380895e6	0.007623926520393909
2.7486439942941493e6	0.007611796116692141
2.8126681376357945e6	0.0076002993081370936
2.8781835948540666e6	0.0075886831235640545
2.945225103111594e6	0.007573529854062702
3.013828208703454e6	0.007556335811522498
3.0840292859043013e6	0.00754001910517914
3.1558655562544884e6	0.007524359668579781
3.22937510829542e6	0.007509421627245024
3.3045969177646036e6	0.007495184997150711
3.3815708682611105e6	0.007481620099866657
3.4603377723923377e6	0.007468685391378641
3.540939393413473e6	0.007456336105948828
3.623418467370869e6	0.007444529879528973
3.707818725761279e6	0.007433230885919949
3.7941849187188703e6	0.0073935782616889505
3.882562838742341e6	0.007336075216580198
3.972999344974707e6	0.00728970451234804
4.065542388048642e6	0.007250111738106859
4.1602410355105526e6	0.007203306375521229
4.257145497836774e6	0.007159918906300933
4.356307155055932e6	0.007124762206279214
4.457778583991242e6	0.007096016180455049
4.561613586137458e6	0.007068705897573837
4.667867216187139e6	0.007036434617207953
4.776595811221369e6	0.007011123096640946
4.887857020580428e6	0.006991380044204119
5.001709836430256e6	0.006976439858359421
5.118214625040796e6	0.006965686787826852
5.237433158793111e6	0.006958595773516478
5.359428648931842e6	0.0069547329920258225
5.484265779080661e6	0.0069537200564503
5.612010739538388e6	0.00695519862423115
5.742731262373962e6	0.006958790947339786
5.876496657338882e6	0.006964099273993379
6.013377848616175e6	0.006970745614014112
6.153447412425247e6	0.006978380668574869
6.296779615502891e6	0.006986659845288947
6.443450454480407e6	0.006995311418221177
6.593537696178038e6	0.007004335281744227
6.747120918837971e6	0.007013690762087618
6.904281554317775e6	0.007023451079522148
7.065102931266649e6	0.007033754961301054
7.229670319307402e6	0.007044818834681583
7.398070974247423e6	0.007045268358594644
7.570394184343035e6	0.0070316814772830635
7.7467313176412005e6	0.00701879218605673
7.927175870424089e6	0.007006560522756684
8.111823516782054e6	0.006994951957438657
8.300772159341294e6	0.006983934722076902
8.494121981173126e6	0.006973472919446245
8.69197549891237e6	0.006963536253664125
8.894437617113072e6	0.006954091927158119
9.101615683870131e6	0.00694510459813934
9.313619547736906e6	0.006936548641951311
9.530561615968216e6	0.006928471699628072
9.752556914120212e6	0.0069203483776781385
9.979723147038424e6	0.006909488292114747
1.0212180761266448e7	0.006896945484377052
1.0450053008908289e7	0.006885071436233948
1.0693466012978299e7	0.006873719647233252
1.0942548834273104e7	0.006862859576982907
1.1197433539801598e7	0.0068524634636171165
1.1458255272808447e7	0.006842502967349202
1.1725152324428879e7	0.0068329523518109465
1.1998266207012461e7	0.006823791900905212
1.227774172915483e7	0.006815002988608095
1.256372707247712e7	0.006806560325139866
1.2856373870193878e7	0.006798447874214783
1.3155837287510786e7	0.006790658830351901
1.3462276103895625e7	0.006783181176969597
1.377585279726504e7	0.00677600281524857
1.4096733630132534e7	0.006769182301266654
1.4425088737763051e7	0.006762215907493348
1.4761092218380952e7	0.006752595459672531
1.5104922225479191e7	0.006741671035687323
1.5456761062278662e7	0.0067312894604164885
1.5816795278387837e7	0.006721342862137318
1.6185215768713586e7	0.006711811737762397
1.6562217874676563e7	0.00670267598039735
1.6948001487783562e7	0.006693918352907877
1.7342771155612707e7	0.006685525821618095
1.7746736190267272e7	0.0066774774969061215
1.816011077935574e7	0.0066697453695486655
1.85831140995569e7	0.006662311974137109
1.9015970432830323e7	0.006655160507624852
1.945890928533328e7	0.00664827510406245
1.991216550910843e7	0.006641641519453737
2.0375979426605184e7	0.006635246698192283
2.085059695810189e7	0.006629078694215837
2.1336269752096064e7	0.0066231268505059235
2.1833255318731714e7	0.006617381725130791
2.2341817166334655e7	0.00661192927812036
2.286222494112819e7	0.006606032015567387
2.339475457020274e7	0.006596745558914755
2.39396884078166e7	0.006587681332462431
2.449731538510352e7	0.006578947534678784
2.5067931163267925e7	0.006570523358937857
2.565183829034839e7	0.006562401285453153
2.624934636163261e7	0.006554573603046162
2.686077218380895e7	0.006547032103174438
2.7486439942941494e7	0.006539768031422989
2.8126681376357943e7	0.006532772019906264
2.8781835948540665e7	0.006526034243975283
2.945225103111594e7	0.0065195446608813335
3.0138282087034542e7	0.006513293258641473
3.0840292859043013e7	0.00650727023608195
3.1558655562544882e7	0.006501466207093279
3.22937510829542e7	0.006495872251976618
3.3045969177646033e7	0.006490479890680851
3.381570868261111e7	0.0064852810865062135
3.460337772392338e7	0.006480268180101625
3.540939393413473e7	0.0064754338048796005
3.623418467370869e7	0.006470770801239676
3.707818725761279e7	0.006466272100622643
3.79418491871887e7	0.006461975680222915
3.88256283874234e7	0.006457558125811259
3.972999344974707e7	0.006451350734715397
4.0655423880486585e7	0.006444068708557064
4.160241035510553e7	0.006437086976326146
4.2571454978367746e7	0.006430324473673917
4.356307155055931e7	0.006423765702140589
4.4577785839912415e7	0.006417394826610753
4.561613586137458e7	0.0064111959099247854
4.667867216187139e7	0.006405153272253788
4.7765958112213686e7	0.006399251805418843
4.887857020580428e7	0.0063934772711796845
5.001709836430256e7	0.006387816586527569
5.118214625040796e7	0.00638225791148314
5.237433158793111e7	0.006376790590552165
5.359428648931842e7	0.0063714049828309145
5.4842657790806614e7	0.0063660922177317305
5.612010739538389e7	0.006360843919943591
5.742731262373962e7	0.006355652033464927
5.8764966573388815e7	0.0063505087291790595
6.013377848616175e7	0.006345406363905051
6.153447412425247e7	0.0063403377009581445
6.296779615502892e7	0.006335296091352136
6.4434504544804074e7	0.0063302757661630555
6.593537696178038e7	0.006325272203109661
6.74712091883797e7	0.006320282528733804
6.904281554317775e7	0.006315376821831451
7.065102931266649e7	0.006310035438420575
7.229670319307402e7	0.006301825866978029
7.398070974247423e7	0.006292574426534286
7.570394184343036e7	0.0062834502398696574
7.7467313176412e7	0.006274419380854529
7.927175870424089e7	0.0062655089732872446
8.111823516782054e7	0.006256748636226422
8.300772159341294e7	0.006248168663834912
8.494121981173125e7	0.006239798104666639
8.69197549891237e7	0.006231662674470264
8.894437617113073e7	0.006223783063873284
9.101615683870132e7	0.00621617369203364
9.313619547736906e7	0.0062088421098039194
9.530561615968217e7	0.00620178922586101
9.752556914120212e7	0.006195010135778712
9.979723147038424e7	0.006188495557692448
1.0212180761266449e8	0.006182233331278781
1.0450053008908288e8	0.006176215506709617
1.0693466012978299e8	0.006170496276776177
1.0942548834273104e8	0.006164019457857759
1.1197433539801598e8	0.006153589925854979
1.1458255272808447e8	0.006143726331420245
1.1725152324428879e8	0.0061342084865742075
1.1998266207012461e8	0.006125023628854147
1.227774172915483e8	0.006116162144463797
1.256372707247712e8	0.006107617239425059
1.2856373870193878e8	0.00609938463530877
1.3155837287510787e8	0.006091461851340495
1.3462276103895625e8	0.006083847587623559
1.377585279726504e8	0.006076540854820536
1.4096733630132532e8	0.0060695401343406185
1.442508873776305e8	0.006062842728908658
1.4761092218380952e8	0.006056444147814408
1.5104922225479192e8	0.006050337879498927
1.545676106227866e8	0.006044515394525159
1.5816795278387836e8	0.006038966491537831
1.6185215768713585e8	0.006033702333929297
1.656221787467656e8	0.006028614961690177
1.6948001487783563e8	0.006022363102395995
1.7342771155612707e8	0.006013376020968373
1.774673619026727e8	0.006004940603323063
1.8160110779355738e8	0.005996887217771054
1.8583114099556902e8	0.005989204322564911
1.9015970432830322e8	0.005981871648422986
1.945890928533328e8	0.005974870183342979
1.991216550910843e8	0.0059681816660827215
2.0375979426605183e8	0.005961788530936466
2.0850596958101892e8	0.005955673901367242
2.1336269752096063e8	0.005949821616509215
2.1833255318731713e8	0.005944216298849841
2.2341817166334656e8	0.005938843465578749
2.286222494112819e8	0.005933689645898039
2.3394754570202744e8	0.005928742498603323
2.39396884078166e8	0.005923990910902504
2.449731538510352e8	0.005919425037426134
2.5067931163267925e8	0.005915036284192108
2.5651838290348387e8	0.005910817229143694
2.6249346361632612e8	0.005906761476491202
2.6860772183808947e8	0.005902863524014789
2.748643994294149e8	0.005899118588890404
2.812668137635794e8	0.005895522487648352
2.8781835948540664e8	0.005892126218272207
2.945225103111594e8	0.005888516475775193
3.013828208703454e8	0.005882873354481578
3.0840292859043014e8	0.00587686699951364
3.155865556254488e8	0.00587115688250581
3.2293751082954204e8	0.005865702680903912
3.3045969177646035e8	0.005860498561751271
3.38157086826111e8	0.005855538096454161
3.460337772392338e8	0.005850813831368806
3.540939393413473e8	0.005846316975610656
3.623418467370869e8	0.005842037032936895
3.707818725761279e8	0.005837961583004662
3.79418491871887e8	0.005834076202199821
3.882562838742341e8	0.005830364481203232
3.972999344974707e8	0.005826808384880852
4.0655423880486584e8	0.005823388841601739
4.1602410355105525e8	0.005820086592684131
4.2571454978367746e8	0.0058168832307085635
4.356307155055932e8	0.0058137623355360634
4.4577785839912415e8	0.00581071045154783
4.561613586137458e8	0.005807717815908051
4.6678672161871386e8	0.005804778603313198
4.776595811221369e8	0.0058018912083743265
4.887857020580428e8	0.005799058059998061
5.001709836430256e8	0.005796280228811415
5.118214625040795e8	0.005793563998316732
5.237433158793111e8	0.005790916472329786
5.359428648931842e8	0.005788344733377179
5.484265779080662e8	0.005785856109295596
5.612010739538388e8	0.005783458092065514
5.742731262373962e8	0.005781158533563068
5.876496657338881e8	0.005778963901193751
6.013377848616176e8	0.005776879337877365
6.153447412425246e8	0.005774910579244167
6.296779615502892e8	0.005773062966537656
6.443450454480407e8	0.005771338473579167
6.593537696178038e8	0.00576973654435856
6.74712091883797e8	0.005768256226070365
6.904281554317775e8	0.005766892078219115
7.065102931266649e8	0.005765634948418695
7.229670319307402e8	0.005764474979096868
7.398070974247423e8	0.005763397034760372
7.570394184343035e8	0.005762385427357391
7.7467313176412e8	0.005761421252038268
7.92717587042409e8	0.005760490636378716
8.111823516782054e8	0.005759576566565098
8.300772159341294e8	0.00575866760515401
8.494121981173126e8	0.005757756896275609
8.69197549891237e8	0.005756843246233913
8.894437617113073e8	0.0057559307201720524
9.101615683870132e8	0.005754995167861694
9.313619547736905e8	0.005753790717196568
9.530561615968217e8	0.005751980389439241
9.752556914120212e8	0.005750297195838008
9.979723147038424e8	0.005748730465714597
1.0212180761266448e9	0.005747305409447207
1.0450053008908288e9	0.00574604001984433
1.0693466012978299e9	0.005744951944284082
1.0942548834273105e9	0.005744051377532578
1.1197433539801598e9	0.005743341580318936
1.1458255272808447e9	0.0057428231642216885
1.172515232442888e9	0.005742487200911948
1.1998266207012463e9	0.005742320375634604
1.227774172915483e9	0.005742304271367648
1.256372707247712e9	0.005742420406066267
1.2856373870193877e9	0.0057426484552456376
1.3155837287510786e9	0.005742974327096271
1.3462276103895626e9	0.005743387201508064
1.377585279726504e9	0.005743881220623828
1.4096733630132535e9	0.005744460573515093
1.442508873776305e9	0.005745138490743299
1.4761092218380952e9	0.0057459310312659
1.510492222547919e9	0.005746853059943451
1.5456761062278662e9	0.005747915663530301
1.5816795278387837e9	0.005749124472807429
1.6185215768713586e9	0.005750478015745624
1.6562217874676564e9	0.005751974728216168
1.6948001487783563e9	0.005753555893686581
1.7342771155612707e9	0.00575486456971029
1.774673619026727e9	0.0057557324287769406
1.8160110779355738e9	0.005756652464617521
1.8583114099556901e9	0.0057575921422257145
1.9015970432830322e9	0.005758551102919591
1.9458909285333278e9	0.005759532399454999
1.9912165509108431e9	0.005760536580350155
2.0375979426605182e9	0.005761564230253335
2.0850596958101892e9	0.0057626139901407495
2.1336269752096064e9	0.005763681366685603
2.1833255318731713e9	0.0057647582878313595
2.234181716633466e9	0.005765832954949036
2.286222494112819e9	0.005766890206158778
2.339475457020274e9	0.005767913902539768
2.39396884078166e9	0.005768887693547254
2.449731538510352e9	0.005769762056114327
2.5067931163267922e9	0.005770510282523562
2.5651838290348387e9	0.005771230811625226
2.6249346361632614e9	0.005771811725188123
2.686077218380895e9	0.005772237399018513
2.7486439942941494e9	0.005772587467230296
2.812668137635794e9	0.005772763769146544
2.8781835948540664e9	0.005772759690885445
2.945225103111594e9	0.005772548519033011
3.013828208703454e9	0.005772082570228413
3.084029285904301e9	0.005771398235915819
3.1558655562544885e9	0.005770512566692225
3.22937510829542e9	0.005769400400047967
3.3045969177646036e9	0.005768096863893752
3.3815708682611103e9	0.0057666158175363825
3.460337772392338e9	0.005764972684143498
3.5409393934134727e9	0.005763182028191052
3.623418467370869e9	0.005761256491801078
3.707818725761279e9	0.005759206831240762
3.79418491871887e9	0.005757080786410835
3.8825628387423406e9	0.005754598890738166
3.972999344974707e9	0.005750401366233273
4.065542388048659e9	0.0057454056151283244
4.160241035510553e9	0.005740249936711106
4.2571454978367743e9	0.005734910401161329
4.356307155055932e9	0.005729395569812536
4.457778583991241e9	0.00572371614329799
4.561613586137458e9	0.005717885593759744
4.667867216187139e9	0.00571192044805333
4.776595811221369e9	0.005705840469286936
4.887857020580428e9	0.005699668174618085
5.001709836430256e9	0.005693428564634961
5.118214625040795e9	0.005687147896723985
5.237433158793111e9	0.0056808527678054044
5.359428648931842e9	0.005674568801508968
5.484265779080661e9	0.00566831993705344
5.612010739538388e9	0.005662127375299725
5.742731262373962e9	0.005656009411580765
5.8764966573388815e9	0.005649981753293284
6.013377848616176e9	0.005644057952145345
6.153447412425247e9	0.005638250233650368
6.296779615502892e9	0.005632593258164572
6.443450454480407e9	0.00562702423893935
6.593537696178038e9	0.005620003465364527
6.747120918837971e9	0.005609191994717205
6.904281554317775e9	0.005598919671191438
7.065102931266648e9	0.0055890038429508284
7.229670319307402e9	0.005579452014289476
7.398070974247423e9	0.005570265913290128
7.570394184343036e9	0.005561441757354335
7.7467313176412e9	0.005552971161896531
7.927175870424089e9	0.005544842271059971
8.111823516782054e9	0.005537041648056035
8.300772159341294e9	0.005529555645489877
8.494121981173125e9	0.005522371573674311
8.69197549891237e9	0.005515478588613867
8.894437617113073e9	0.005508867837881312
9.101615683870132e9	0.005502630679314975
9.313619547736906e9	0.00549604161456411
9.530561615968218e9	0.005485720193600425
9.75255691412021e9	0.005474210862290064
9.979723147038424e9	0.00546332819332521
1.0212180761266449e10	0.005452973087887105
1.0450053008908289e10	0.005443134482099915
1.06934660129783e10	0.005433798603583148
1.0942548834273104e10	0.0054249490069245695
1.1197433539801598e10	0.005416566949884835
1.1458255272808447e10	0.00540863199591721
1.1725152324428879e10	0.005401122824440167
1.199826620701246e10	0.005394017869945337
1.2277741729154829e10	0.005387296017911739
1.256372707247712e10	0.005380942441646925
1.2856373870193878e10	0.005375031673099
1.3155837287510786e10	0.005368287901442791
1.3462276103895626e10	0.005356713211626144
1.3775852797265041e10	0.005346005471920672
1.4096733630132534e10	0.005335872903418895
1.442508873776305e10	0.005326283638111026
1.476109221838095e10	0.005317207459985131
1.510492222547919e10	0.0053086160950942506
1.5456761062278725e10	0.0053004829425657984
1.5816795278387836e10	0.005292782977821083
1.6185215768713585e10	0.005285492738747887
1.6562217874676563e10	0.0052785900827075965
1.6948001487783564e10	0.005272054177754766
1.734277115561271e10	0.00526586531601306
1.774673619026727e10	0.0052600049477830564
1.8160110779355736e10	0.005254540259152703
1.85831140995569e10	0.005248841899488658
1.9015970432830322e10	0.005239924276432248
1.945890928533328e10	0.005229740653429186
1.9912165509108433e10	0.00522019050679747
2.0375979426605183e10	0.005211153100013106
2.085059695810189e10	0.005202602697459257
2.1336269752096066e10	0.005194514402006
2.1833255318731716e10	0.005186864084467878
2.2341817166334656e10	0.0051796282447752985
2.2862224941128193e10	0.0051727840959080815
2.3394754570202744e10	0.005166309688209344
2.39396884078166e10	0.005160183956122999
2.449731538510352e10	0.005154387031989467
2.5067931163267925e10	0.005148900119575173
2.565183829034839e10	0.005143705645978165
2.6249346361632614e10	0.00513878715226555
2.686077218380895e10	0.005134198495229932
2.7486439942941605e10	0.0051294294771058475
2.812668137635794e10	0.0051219765905903564
2.8781835948540665e10	0.00511322569380749
2.945225103111594e10	0.00510501536903272
3.0138282087034542e10	0.005097230463852046
3.084029285904301e10	0.0050898466370309
3.1558655562544884e10	0.00508284091594985
3.2293751082954205e10	0.00507619172864981
3.3045969177646034e10	0.0050698788042776635
3.3815708682611103e10	0.005063883243112279
3.460337772392338e10	0.005058187258107677
3.540939393413473e10	0.005052774206099728
3.6234184673708694e10	0.005047628490371029
3.707818725761279e10	0.005042735326664063
3.7941849187188705e10	0.005038080667625635
3.882562838742341e10	0.005033651282909922
3.972999344974707e10	0.0050294345086008265
4.065542388048659e10	0.005025418399041565
4.160241035510553e10	0.005021591600436442
4.2571454978367744e10	0.0050179498521456525
4.356307155055932e10	0.0050145215561598205
4.4577785839912415e10	0.00501040910887088
4.561613586137458e10	0.005003166430479997
4.667867216187138e10	0.004996405332780429
4.7765958112213684e10	0.0049899458699971385
4.887857020580448e10	0.004983772735522907
5.001709836430256e10	0.004977871793415616
5.118214625040795e10	0.00497222972050069
5.237433158793111e10	0.004966833983300627
5.359428648931842e10	0.004961672622586105
5.484265779080661e10	0.004956734227355217
5.612010739538388e10	0.004952007862885665
5.7427312623739624e10	0.0049474827610032695
5.876496657338882e10	0.00494314863425129
6.013377848616175e10	0.004938995542237268
6.153447412425247e10	0.004935014047846368
6.2967796155028915e10	0.004931195054461849
6.443450454480407e10	0.004927530008563279
6.593537696178038e10	0.004924010857448394
6.747120918837971e10	0.004920630047659529
6.904281554317775e10	0.004917380626844094
7.065102931266649e10	0.004914255972909379
7.229670319307402e10	0.004911250153757514
7.398070974247423e10	0.0049083575940245565
7.570394184343036e10	0.004905573261723592
7.7467313176412e10	0.00490289258518956
7.927175870424089e10	0.004900372531101168
8.111823516782054e10	0.004897543693814194
8.300772159341293e10	0.004892436816917534
8.494121981173125e10	0.004887157005253977
8.691975498912407e10	0.00488209861989598
8.894437617113072e10	0.004877233476218667
9.101615683870132e10	0.004872556821460815
9.313619547736905e10	0.004868064382251248
9.530561615968217e10	0.004863752049137883
9.752556914120212e10	0.0048596163127136134
9.979723147038425e10	0.004855653817248968
1.0212180761266449e11	0.004851861586642286
1.0450053008908289e11	0.004848237267011653
1.0693466012978299e11	0.00484477872215613
1.0942548834273103e11	0.004841484633252814
1.1197433539801598e11	0.004838354258262593
1.1458255272808447e11	0.004835387226301045
1.1725152324428879e11	0.004832583885320309
1.1998266207012462e11	0.004829945009306902
1.227774172915483e11	0.004827471573465226
1.256372707247712e11	0.00482516476875844
1.2856373870193878e11	0.0048230257391840645
1.3155837287510786e11	0.004821055195228673
1.3462276103895625e11	0.0048192533299864365
1.377585279726504e11	0.004817619386663058
1.4096733630132535e11	0.00481615126534668
1.442508873776305e11	0.00481484510342045
1.476109221838095e11	0.004813695023488923
1.510492222547919e11	0.0048126932158200466
1.5456761062278726e11	0.00481182968210164
1.5816795278387836e11	0.004811092583490111
1.6185215768713586e11	0.004810469127782129
1.6562217874676562e11	0.004809946398217292
1.6948001487783563e11	0.004809512692955443
1.7342771155612708e11	0.004809159303279828
1.774673619026727e11	0.004808881647946878
1.8160110779355737e11	0.004808680683045543
1.85831140995569e11	0.004808563351062466
1.9015970432830322e11	0.004808542837219992
1.9458909285333276e11	0.004808637746984999
1.9912165509108432e11	0.004808871336609491
2.0375979426605182e11	0.0048092705656956215
2.0850596958101892e11	0.0048098648353642704
2.1336269752096063e11	0.004810685568062785
2.1833255318731714e11	0.004811765193418754
2.2341817166334656e11	0.004813136891066424
2.2862224941128192e11	0.004814833584887787
2.3394754570202744e11	0.004816887320815175
2.3939688407816602e11	0.004819328387452763
2.4497315385103522e11	0.004822183791068751
2.5067931163267923e11	0.004825477100588257
2.565183829034839e11	0.004829227599359528
2.624934636163261e11	0.0048334506625555195
2.686077218380895e11	0.004838158736196227
2.7486439942941605e11	0.004843363884967447
2.812668137635794e11	0.004849082246111103
2.878183594854067e11	0.004855337610120681
2.945225103111594e11	0.004862166045129807
3.013828208703454e11	0.004869619217608465
3.084029285904301e11	0.004877766297391519
3.1558655562544885e11	0.0048868001969954
3.2293751082954205e11	0.004896053586988624
3.304596917764603e11	0.004901967954145402
3.38157086826111e11	0.004907047585103802
3.4603377723923376e11	0.004912746640848533
3.540939393413473e11	0.004919064557711706
3.623418467370869e11	0.004926076831583142
3.707818725761279e11	0.004933866050655381
3.79418491871887e11	0.0049425245628313755
3.882562838742341e11	0.004952157494406095
3.972999344974707e11	0.004962889516496475
4.0655423880486584e11	0.004974871772267472
4.160241035510553e11	0.00498836439950245
4.257145497836774e11	0.005003172486624338
4.3563071550559314e11	0.005015844663301525
4.4577785839912415e11	0.00502398309230508
4.561613586137458e11	0.005033506884529653
4.6678672161871387e11	0.005044332406843115
4.7765958112213684e11	0.005056664767494366
4.887857020580448e11	0.005070743468996291
5.001709836430256e11	0.0050868509127048565
5.118214625040795e11	0.0051055785063930485
5.237433158793111e11	0.005125555949563751
5.359428648931842e11	0.005138779846000052
5.484265779080661e11	0.005151352322829945
5.612010739538389e11	0.005166242308752434
5.742731262373962e11	0.0051838579496073164
5.876496657338882e11	0.00520503509167199
6.013377848616176e11	0.005230299915654794
6.153447412425247e11	0.0052547371787398205
6.296779615502892e11	0.0052717358543080345
6.443450454480408e11	0.005293907472607422
6.593537696178038e11	0.005294921475302663
6.747120918837971e11	0.0052914303337881444
6.904281554317775e11	0.005287934464218391
7.065102931266649e11	0.005284433793346536
7.229670319307402e11	0.005280927898954888
7.398070974247423e11	0.005277416437009005
7.570394184343036e11	0.0052738992383628315
7.7467313176412e11	0.005270376153537436
7.927175870424089e11	0.00526684696532127
8.111823516782053e11	0.005263311619251476
8.300772159341294e11	0.005259770114765679
8.494121981173125e11	0.005256222281598278
8.691975498912406e11	0.005252665116927158
8.894437617113073e11	0.005249122226354392
9.101615683870132e11	0.005245705528630076
9.313619547736906e11	0.005242383500643578
9.530561615968217e11	0.0052390606109391285
9.752556914120211e11	0.00523574153371194
9.979723147038424e11	0.005232425745725005
1.0212180761266449e12	0.005229112809730628
1.0450053008908289e12	0.005225802384617683
1.06934660129783e12	0.005222493924147685
1.0942548834273104e12	0.005219187098910917
1.1197433539801597e12	0.005215881440262862
1.1458255272808447e12	0.005212576400807312
1.172515232442888e12	0.005209271756903604
1.199826620701246e12	0.005205966769127099
1.227774172915483e12	0.005202661219780435
1.256372707247712e12	0.00519935451007607
1.2856373870193877e12	0.005196046301707781
1.3155837287510786e12	0.005192736128468146
1.3462276103895625e12	0.005189423504965002
1.3775852797265042e12	0.005186108042471351
1.4096733630132534e12	0.00518278930403806
1.4425088737763052e12	0.0051794668771464845
1.4761092218380952e12	0.00517614024818924
1.5104922225479192e12	0.005172809181733897
1.5456761062278726e12	0.005169473271577711
1.5816795278387837e12	0.005166132025709953
1.6185215768713586e12	0.005162785245640464
1.6562217874676562e12	0.00515943254299432
1.6948001487783564e12	0.005156073725969857
1.7342771155612708e12	0.005152708452524405
1.774673619026727e12	0.005149336570058621
1.8160110779355737e12	0.0051459579493582566
1.8583114099556902e12	0.005142572486587528
1.9015970432830322e12	0.00513918013132549
1.945890928533328e12	0.0051357808654140715
1.991216550910843e12	0.005132370057110984
2.0375979426605183e12	0.005128983305442307
2.0850596958101892e12	0.00512576093463155
2.1336269752096064e12	0.005122594713902606
2.1833255318731714e12	0.005119429198795382
2.2341817166334653e12	0.0051162672301001185
2.2862224941128193e12	0.005113108319527677
2.3394754570202744e12	0.005109951991609166
2.39396884078166e12	0.005106797868858512
2.449731538510352e12	0.005103645516892524
2.5067931163267925e12	0.005100494490902383
2.565183829034839e12	0.005097344427933338
2.624934636163261e12	0.005094194820127708
2.686077218380895e12	0.005091045270197827
2.7486439942941606e12	0.00508789526760342
2.8126681376357944e12	0.005084744380239928
2.8781835948540664e12	0.005081592238941748
2.9452251031115938e12	0.005078438352096075
3.013828208703454e12	0.0050752822392100315
3.0840292859043013e12	0.005072123421730724
3.1558655562544883e12	0.00506896152113599
3.2293751082954204e12	0.0050657960814469195
3.3045969177646035e12	0.00506262677168194
3.3815708682611104e12	0.005059453061165691
3.460337772392338e12	0.00505627450221144
3.5409393934134727e12	0.005053090771161073
3.623418467370869e12	0.005049901489359776
3.707818725761279e12	0.005046706244521474
3.79418491871887e12	0.005043504705057501
3.882562838742341e12	0.005040296614381527
3.972999344974707e12	0.005037081660078464
4.0655423880486587e12	0.005033859553959055
4.1602410355105527e12	0.005030630083727993
4.2571454978367744e12	0.005027393215438643
4.3563071550559316e12	0.005024148726485148
4.457778583991241e12	0.005020896629194573
4.561613586137458e12	0.005017636548680192
4.667867216187139e12	0.005014365455585724
4.776595811221369e12	0.005011144752305195
4.887857020580448e12	0.005008133090972872
5.001709836430256e12	0.0050051148688923484
5.118214625040795e12	0.00500210024409047
5.237433158793111e12	0.004999088751179827
5.359428648931842e12	0.0049960799772306155
5.484265779080661e12	0.004993073543425385
5.612010739538389e12	0.004990069014984306
5.742731262373963e12	0.004987065957935346
5.876496657338882e12	0.004984064083266491
6.013377848616176e12	0.004981062759150072
6.153447412425247e12	0.00497806162679904
6.296779615502892e12	0.004975060311256683
6.443450454480407e12	0.004972058330478203
6.593537696178038e12	0.004969055179000075
6.747120918837971e12	0.004966050482870521
6.904281554317775e12	0.004963043795252695
7.065102931266648e12	0.004960034698688146
7.229670319307402e12	0.004957022588807134
7.398070974247423e12	0.004954007073408596
7.570394184343036e12	0.004950987836767445
7.7467313176412e12	0.004947964398501332
7.927175870424089e12	0.004944936146351947
8.111823516782054e12	0.004941902871480994
8.300772159341294e12	0.004938864135045352
8.494121981173125e12	0.004935819400946098
8.691975498912406e12	0.004932768349018209
8.894437617113072e12	0.004929710605058494
9.101615683870133e12	0.00492664585324206
9.313619547736904e12	0.004923573778915833
9.530561615968217e12	0.0049204940274440775
9.75255691412021e12	0.004917406467334614
9.979723147038424e12	0.004914310810059009
1.021218076126645e13	0.004911206904301629
1.045005300890829e13	0.004908094746088272
1.0693466012978299e13	0.004904974182577466
1.0942548834273104e13	0.004901841711135528
1.1197433539801598e13	0.004898722885827671
1.1458255272808447e13	0.004895745928050193
1.1725152324428879e13	0.0048928742184481755
1.199826620701246e13	0.004890000805878304
1.227774172915483e13	0.004887130494635276
1.256372707247712e13	0.004884263031285406
1.2856373870193877e13	0.004881397949037839
1.3155837287510787e13	0.004878534906430708
1.3462276103895625e13	0.0048756734319438085
1.3775852797265041e13	0.004872813177514936
1.4096733630132533e13	0.0048699536779605755
1.442508873776305e13	0.004867094525327318
1.4761092218380951e13	0.004864235293014224
1.5104922225479191e13	0.00486137551850621
1.5456761062278725e13	0.004858514806408546
1.5816795278387838e13	0.0048556526665503716
1.6185215768713586e13	0.004852788703582574
1.6562217874676562e13	0.00484992240639627
1.6948001487783564e13	0.004847053360300463
1.7342771155612707e13	0.00484418115170427
1.774673619026727e13	0.004841305289468452
1.816011077935574e13	0.004838425201949771
1.8583114099556902e13	0.004835540665453432
1.901597043283032e13	0.004832651102769235
1.9458909285333277e13	0.004829756018430373
1.991216550910843e13	0.004826855155274768
2.0375979426605184e13	0.004823947972659471
2.085059695810189e13	0.00482103398340468
2.1336269752096062e13	0.004818113006342688
2.1833255318731715e13	0.00481518450667513
2.2341817166334656e13	0.004812248154306841
2.286222494112819e13	0.004809303720156809
2.3394754570202742e13	0.004806350911895364
2.39396884078166e13	0.0048033894064027785
2.449731538510352e13	0.0048004189349856174
2.5067931163267926e13	0.004797439608127516
2.5651838290348387e13	0.0047944511652206
2.6249346361632613e13	0.004791452772932665
2.686077218380895e13	0.004788444679212593
2.7486439942941605e13	0.004785500070670099
2.812668137635794e13	0.004782768740318481
2.8781835948540664e13	0.004780030454248493
2.945225103111594e13	0.004777295332422919
3.0138282087034543e13	0.004774563150994952
3.084029285904301e13	0.004771833411379122
3.1558655562544883e13	0.004769105794735487
3.2293751082954203e13	0.00476637979820932
3.3045969177646035e13	0.0047636550512513524
3.3815708682611105e13	0.004760931089624704
3.460337772392338e13	0.004758207693143395
3.540939393413473e13	0.00475548428195147
3.6234184673708695e13	0.004752760480833388
3.707818725761279e13	0.004750035845322072
3.79418491871887e13	0.004747309990164246
3.882562838742341e13	0.00474458237847127
3.972999344974707e13	0.004741852515560057
4.0655423880486586e13	0.004739120129540669
4.160241035510552e13	0.004736384678344995
4.257145497836774e13	0.004733645701539558
4.356307155055931e13	0.004730902748808162
4.4577785839912414e13	0.004728155374392799
4.561613586137458e13	0.004725403108510934
4.667867216187139e13	0.004722645447896234
4.776595811221369e13	0.0047198820043864425
4.8878570205804484e13	0.004717112273411168
5.001709836430256e13	0.004714335771318972
5.118214625040795e13	0.004711552248517101
5.237433158793111e13	0.004708761163431328
5.359428648931842e13	0.004705962153951749
5.484265779080661e13	0.00470315482552736
5.612010739538388e13	0.004700338827919639
5.7427312623739625e13	0.004697513861739606
5.8764966573389055e13	0.0046946796057991645
6.013377848616175e13	0.004691835827746248
6.153447412425247e13	0.004688982385872846
6.2967796155028914e13	0.0046861191534965565
6.443450454480407e13	0.004683246037794805
6.5935376961780375e13	0.004680357267844246
6.747120918837971e13	0.004677496465240185
6.904281554317775e13	0.004674843754905017
7.065102931266648e13	0.004672237562438078
7.229670319307402e13	0.004669631991918393
7.398070974247423e13	0.004667029256284879
7.570394184343036e13	0.004664429015462169
7.7467313176412e13	0.0046618308801843365
7.927175870424089e13	0.004659234434756774
8.111823516782053e13	0.00465663930592414
8.300772159341294e13	0.0046540451382214194
8.494121981173125e13	0.004651451509378911
8.691975498912406e13	0.004648857968259785
8.894437617113072e13	0.004646264131739413
9.101615683870133e13	0.004643669654381128
9.313619547736905e13	0.004641073940392447
9.530561615968217e13	0.0046384766048374335
9.752556914120211e13	0.004635877276203596
9.979723147038423e13	0.004633275434162848
1.0212180761266448e14	0.004630670687308963
1.0450053008908331e14	0.004628062559502375
1.0693466012978298e14	0.004625450557392178
1.0942548834273105e14	0.004622834232120354
1.1197433539801597e14	0.004620213105242512
1.1458255272808447e14	0.004617586750251214
1.172515232442888e14	0.004614954701816998
1.1998266207012461e14	0.004612316494305765
1.227774172915483e14	0.004609671574078458
1.256372707247712e14	0.004607019515219613
1.2856373870193878e14	0.00460435990934424
1.3155837287510786e14	0.004601692315660303
1.3462276103895625e14	0.0045990163170715114
1.377585279726504e14	0.004596331424024248
1.4096733630132534e14	0.004593637411513376
1.442508873776305e14	0.004590933882418909
1.4761092218381012e14	0.004588220373335572
1.510492222547919e14	0.004585496696215141
1.5456761062278725e14	0.0045827626632971045
1.5816795278387772e14	0.004580018058668076
1.6185215768713584e14	0.004577262748225629
1.6562217874676494e14	0.004574492875434676
1.6948001487783562e14	0.004571735655832383
1.7342771155612778e14	0.004569137346466556
1.7746736190267272e14	0.004566658423426478
1.8160110779355812e14	0.004564176744384714
1.85831140995569e14	0.004561697936933221
1.9015970432830322e14	0.004559221645619681
1.9458909285333197e14	0.004556747395441223
1.991216550910843e14	0.004554274913319545
2.03759794266051e14	0.004551803788077057
2.085059695810189e14	0.004549333648718454
2.133626975209615e14	0.0045468641660713245
2.1833255318731716e14	0.004544394804041303
2.2341817166334747e14	0.004541925220219952
2.2862224941128097e14	0.004539455013126052
2.3394754570202744e14	0.004536983764006723
2.3939688407816503e14	0.0045345111010841686
2.4497315385103522e14	0.0045320364497425224
2.5067931163268028e14	0.004529559433682806
2.5651838290348388e14	0.0045270796383846245
2.624934636163272e14	0.004524596636098291
2.686077218380895e14	0.004522109824966596
2.7486439942941606e14	0.004519618834601066
2.8126681376357828e14	0.004517123187148339
2.878183594854066e14	0.004514622470774597
2.945225103111582e14	0.004512116027641625
3.0138282087034544e14	0.004509603523144635
3.084029285904314e14	0.004507084443732217
3.155865556254488e14	0.004504558342701304
3.229375108295434e14	0.00450202465023927
3.304596917764604e14	0.004499482920345463
3.3815708682611106e14	0.004496932755427893
3.460337772392324e14	0.004494373699580032
3.5409393934134725e14	0.004491805237380968
3.6234184673708544e14	0.0044892269838135625
3.707818725761279e14	0.004486638606181007
3.7941849187188856e14	0.004484039761763877
3.8825628387423406e14	0.004481430015153582
3.972999344974723e14	0.004478809164848786
4.065542388048642e14	0.00447617703957827
4.1602410355105525e14	0.004473533321683056
4.257145497836757e14	0.00447087554836588
4.356307155055932e14	0.004455399714690088
4.4577785839912594e14	0.004428865518346999
4.561613586137458e14	0.00440786913045031
4.6678672161871575e14	0.004390522795223624
4.776595811221369e14	0.004376698909427133
4.887857020580448e14	0.004361455795399479
5.0017098364302356e14	0.004339013602349135
5.1182146250407956e14	0.004318571781488446
5.2374331587930894e14	0.004301812873292865
5.359428648931842e14	0.0042878816841191575
5.484265779080684e14	0.00427541978229758
5.612010739538388e14	0.004258753512533417
5.742731262373986e14	0.004236327201293914
5.876496657338881e14	0.004215847547488924
6.013377848616175e14	0.004199112984042085
6.153447412425221e14	0.004185155741949032
6.296779615502891e14	0.0041740535446038105
6.443450454480381e14	0.004155670588690587
6.593537696178038e14	0.004134711294057305
6.747120918837999e14	0.004116704243810295
6.904281554317775e14	0.00410167331760689
7.065102931266678e14	0.004089006251737022
7.229670319307372e14	0.004078852455502299
7.398070974247422e14	0.004061640713380753
7.570394184343005e14	0.004041685364363395
7.7467313176412e14	0.0040243994317461715
7.927175870424121e14	0.004009912474249301
8.111823516782054e14	0.003997664647285627
8.300772159341328e14	0.003987685893715787
8.494121981173125e14	0.003973315896289756
8.691975498912406e14	0.003954272184314408
8.894437617113036e14	0.003936914459630828
9.101615683870132e14	0.003922464121960433
9.313619547736868e14	0.0039102404688242725
9.530561615968218e14	0.003900001284536957
9.752556914120251e14	0.00389021758010642
9.979723147038424e14	0.0038722024320461614
1.021218076126649e15	0.003854163468144288
1.0450053008908289e15	0.003839327164906996
1.0693466012978299e15	0.0038267695497373306
1.0942548834273059e15	0.0038161394097119394
1.1197433539801598e15	0.0038075126816667754
1.14582552728084e15	0.003794315860665732
1.172515232442888e15	0.0037767836314703887
1.199826620701251e15	0.003760839913142132
1.227774172915483e15	0.0037475421873121233
1.2563727072477172e15	0.00373627664441067
1.2856373870193825e15	0.0037267315877902185
1.3155837287510785e15	0.003719132666293014
1.346227610389557e15	0.003704736176499921
1.377585279726504e15	0.0036878092913707147
1.409673363013259e15	0.0036731498019801586
1.442508873776305e15	0.003660821763826282
1.4761092218381012e15	0.00365036596827657
1.5104922225479192e15	0.0036414966389223917
1.5456761062278725e15	0.0036344342130383658
1.5816795278387772e15	0.0036209379463106976
1.6185215768713585e15	0.003604778497313245
1.6562217874676495e15	0.003590692691245414
1.6948001487783562e15	0.0035788397676856307
1.7342771155612778e15	0.0035687722448863902
1.774673619026727e15	0.0035602191749776876
1.8160110779355812e15	0.003553233641524612
1.8583114099556902e15	0.0035429267881476336
1.9015970432830322e15	0.0035277714718160973
1.9458909285333198e15	0.003513560672259513
1.991216550910843e15	0.003501701524997805
2.0375979426605265e15	0.003491609275630398
2.0850596958101892e15	0.0034830180963767265
2.1336269752096152e15	0.0034757025325470444
2.1833255318731715e15	0.0034699513237332405
2.2341817166334748e15	0.003457192481733012
2.28622249411281e15	0.0034425913412542176
2.3394754570202745e15	0.003430120122616623
2.3939688407816505e15	0.0034195382015191566
2.449731538510352e15	0.0034105063792401065
2.5067931163268025e15	0.0034027944410062495
2.5651838290348385e15	0.003396206678687555
2.624934636163272e15	0.0033910052867561834
2.686077218380895e15	0.0033795746674612675
2.7486439942941605e15	0.0033660205920212323
2.8126681376357825e15	0.003354259653087198
2.8781835948540665e15	0.0033442595241147924
2.945225103111582e15	0.0033356896689303167
3.013828208703454e15	0.003328341620972391
3.084029285904314e15	0.0033220378223432824
3.1558655562544885e15	0.0033166645254722143
3.2293751082954335e15	0.003311865614819522
3.3045969177646035e15	0.003300336055222202
3.3815708682611105e15	0.003288198024765454
3.4603377723923235e15	0.003278086988753056
3.540939393413473e15	0.0032693786708810767
3.623418467370884e15	0.003261874546624611
3.707818725761279e15	0.003255405205163077
3.794184918718886e15	0.003249825971086867
3.8825628387423405e15	0.0032450133144133193
3.972999344974723e15	0.0032408617523750276
4.065542388048642e15	0.0032375871476039765
4.1602410355105525e15	0.0032297753032054202
4.257145497836757e15	0.003220391047313395
4.3563071550559315e15	0.003212209842189377
4.4577785839912595e15	0.003205228732487555
4.561613586137458e15	0.0031992492302735016
4.667867216187158e15	0.0031941536188971726
4.776595811221369e15	0.0031898443982097888
4.887857020580448e15	0.0031862423114167194
5.001709836430235e15	0.0031832850366289196
5.118214625040795e15	0.0031809266264298465
5.23743315879309e15	0.0031791375098198355
5.359428648931842e15	0.003177905768393255
5.484265779080684e15	0.0031772391960242195
5.612010739538388e15	0.0031771699445013505
5.742731262373986e15	0.0031777608187824645
5.876496657338882e15	0.0031791170801866503
6.013377848616175e15	0.0031814035776567932
6.153447412425222e15	0.0031848745450279276
6.296779615502891e15	0.0031899211684418426
6.443450454480434e15	0.003197154255508781
6.593537696178038e15	0.003207547788416629
6.747120918837998e15	0.0032233001678627906
6.904281554317775e15	0.0032374697360293457
7.065102931266678e15	0.0032477735047034264
7.229670319307372e15	0.0032619304811668357
7.398070974247423e15	0.0032870164745890298
7.570394184343005e15	0.003313581252920738
7.7467313176412e15	0.0033366015325563434
7.927175870424121e15	0.003378611584233283
8.111823516782054e15	0.0034095837496400695
8.300772159341328e15	0.003457967719346159
8.494121981173125e15	0.0035050119260065593
8.691975498912406e15	0.0035588245748806348
8.894437617113036e15	0.0036271678029974504
9.101615683870132e15	0.003705497662831172
9.313619547736868e15	0.003791629680643635
9.530561615968218e15	0.0038864412938920973
9.752556914120252e15	0.00399460444318237
9.979723147038424e15	0.004134524648481878
1.0212180761266532e16	0.00415465084470644
1.0450053008908332e16	0.004152624804846867
1.0693466012978342e16	0.004150599683742094
1.0942548834273104e16	0.004148575087304212
1.1197433539801642e16	0.004146550631187719
1.1458255272808542e16	0.004144525983715905
1.1725152324428928e16	0.004142500735438702
1.199826620701256e16	0.004140474462894878
1.227774172915488e16	0.004138446935422968
1.2563727072477222e16	0.004136417496275568
1.2856373870193878e16	0.004134385957404029
1.315583728751084e16	0.004132351789742648
1.3462276103895626e16	0.004130314533905055
1.3775852797265096e16	0.004128273803375538
1.4096733630132648e16	0.0041262290640501345
1.442508873776311e16	0.004124179878007894
1.4761092218381072e16	0.004122125789454553
1.5104922225479254e16	0.004120066233512448
1.5456761062278788e16	0.004118000724351982
1.5816795278387836e16	0.00411592883397404
1.6185215768713652e16	0.004113849836199565
1.6562217874676562e16	0.004111763395534629
1.6948001487783634e16	0.004109668813344337
1.734277115561285e16	0.004107565601848718
1.7746736190267344e16	0.004105453166036864
1.8160110779355884e16	0.004103330952667416
1.8583114099556976e16	0.0041011983063537075
1.90159704328304e16	0.004099054809286885
1.9458909285333276e16	0.00409689966647868
1.991216550910851e16	0.004094732467611854
2.0375979426605348e16	0.004092552566086547
2.0850596958101976e16	0.004090359506413874
2.133626975209624e16	0.004088152638981843
2.1833255318731804e16	0.004085931524755364
2.234181716633484e16	0.0040836957121129225
2.286222494112819e16	0.00408144469514951
2.339475457020284e16	0.0040791782780086
2.39396884078166e16	0.004076891711812149
2.449731538510362e16	0.004074613837562164
2.506793116326813e16	0.004072522172901852
2.5651838290348492e16	0.004070590087459196
2.6249346361632828e16	0.004068653432042914
2.686077218380906e16	0.004066719387137566
2.7486439942941716e16	0.004064787583385869
2.8126681376357944e16	0.004062857691538172
2.8781835948540784e16	0.004060929428577599
2.945225103111594e16	0.004059002453171751
3.0138282087034664e16	0.004057076474606157
3.0840292859043264e16	0.004055151072248228
3.1558655562545012e16	0.004053226047419062
3.2293751082954468e16	0.00405130090127958
3.304596917764617e16	0.004049375359415503
3.3815708682611244e16	0.0040474489717522545
3.460337772392338e16	0.004045521483066005
3.540939393413487e16	0.0040435923743856106
3.623418467370899e16	0.004041661313008097
3.707818725761294e16	0.004039727849551521
3.7941849187189016e16	0.004037791591510759
3.882562838742357e16	0.004035852041778513
3.972999344974739e16	0.004033908735101235
4.0655423880486584e16	0.0040319613191822585
4.16024103551057e16	0.004030009227844507
4.257145497836774e16	0.004028051981184692
4.3563071550559496e16	0.0040260890315234835
4.4577785839912776e16	0.004024119986831972
4.561613586137477e16	0.004022144218578014
4.667867216187177e16	0.0040201611842305834
4.776595811221388e16	0.004018170339264653
4.887857020580468e16	0.004016171081551013
5.001709836430256e16	0.00401416291489628
5.118214625040816e16	0.0040121450912321095
5.237433158793111e16	0.004010117141930434
5.359428648931864e16	0.004008078378506331
5.4842657790807064e16	0.004006028266166477
5.612010739538411e16	0.004003966047394811
5.74273126237401e16	0.004001891213865776
5.876496657338906e16	0.003999803094847036
6.0133778486162e16	0.003997701109839305
6.153447412425247e16	0.003995584614366821
6.2967796155029176e16	0.003993452987487556
6.44345045448046e16	0.003991305822746079
6.593537696178065e16	0.003989142510332468
6.7471209188380264e16	0.003986962707657918
6.904281554317803e16	0.003984764231468688
7.0651029312667064e16	0.003982552333665581
7.229670319307402e16	0.003980438984019125
7.398070974247453e16	0.003978605913473944
7.570394184343035e16	0.0039767634612662825
7.746731317641232e16	0.003974923512335902
7.927175870424154e16	0.00397308592585202
8.111823516782086e16	0.0039712503257657555
8.300772159341362e16	0.003969416547034217
8.49412198117316e16	0.003967584127404288
8.691975498912442e16	0.003965752790675288
8.894437617113072e16	0.003963922271595744
9.10161568387017e16	0.003962092160813131
9.313619547736906e16	0.003960262238741595
9.530561615968256e16	0.003958432073159464
9.752556914120291e16	0.003956601315730918
9.979723147038466e16	0.003954769555368952
1.0212180761266531e17	0.003952936521315935
1.0450053008908331e17	0.003951101757472009
1.0693466012978342e17	0.003949264862661698
1.0942548834273104e17	0.003947425461795479
1.1197433539801643e17	0.003945583027806513
1.145825527280854e17	0.003943737229730962
1.1725152324428926e17	0.003941887538196866
1.199826620701256e17	0.003940033597097044
1.227774172915488e17	0.0039381748146580815
1.2563727072477222e17	0.003936310718603182
1.2856373870193877e17	0.003934440818766273
1.315583728751084e17	0.0039325645195331495
1.3462276103895626e17	0.0039306813886587685
1.3775852797265098e17	0.003928790778282756
1.4096733630132648e17	0.00392689219571941
1.442508873776311e17	0.00392498493033273
1.4761092218381072e17	0.003923068468620793
1.5104922225479254e17	0.0039211421533909335
1.5456761062278787e17	0.003919205303897951
1.5816795278387837e17	0.003917257371894638
1.618521576871365e17	0.003915297594955437
1.6562217874676563e17	0.003913325409011471
1.6948001487783632e17	0.003911340021684625
1.7342771155612848e17	0.003909340843097296
1.7746736190267344e17	0.00390732711839857
1.8160110779355885e17	0.003905298200021062
1.8583114099556976e17	0.0039032534765072627
1.90159704328304e17	0.0039011922511807324
1.9458909285333277e17	0.003899114000348433
1.9912165509108512e17	0.003897018016314148
2.037597942660535e17	0.003894903988531666
2.0850596958101978e17	0.003892764219572201
2.133626975209624e17	0.0038906509822366157
2.1833255318731805e17	0.00388882892826365
2.2341817166334838e17	0.00388707956189668
2.2862224941128192e17	0.0038853293722975325
2.3394754570202838e17	0.0038835815691440696
2.39396884078166e17	0.003881835973462607
2.4497315385103622e17	0.0038800922008477164
2.5067931163268128e17	0.003878349966232816
2.5651838290348493e17	0.003876609020857138
2.624934636163283e17	0.003874869012773243
2.686077218380906e17	0.0038731296941582577
2.7486439942941718e17	0.003871390672105548
2.8126681376357942e17	0.0038696516985253105
2.8781835948540784e17	0.00386791235907771
2.945225103111594e17	0.003866172322784409
3.013828208703466e17	0.003864431289054258
3.0840292859043264e17	0.0038626887704476917
3.155865556254501e17	0.003860944468725146
3.229375108295447e17	0.0038591979120524153
3.304596917764617e17	0.003857448786041756
3.3815708682611245e17	0.0038556965765928737
3.460337772392338e17	0.0038539409324464717
3.5409393934134874e17	0.0038521813450562636
3.6234184673708986e17	0.0038504173256333693
3.707818725761294e17	0.0038486484734292035
3.794184918718901e17	0.003846874204766392
3.8825628387423565e17	0.0038450940591926103
3.972999344974739e17	0.003843307467453958
4.0655423880486586e17	0.0038415138952480814
4.1602410355105696e17	0.0038397127829748853
4.2571454978367744e17	0.0038379034470601126
4.3563071550559494e17	0.0038360853983632646
4.4577785839912774e17	0.0038342579147190633
4.5616135861374765e17	0.0038324204362341083
4.667867216187177e17	0.003830572197399568
4.776595811221388e17	0.003828712621624187
4.887857020580468e17	0.00382684093457428
5.001709836430256e17	0.003824956384110534
5.118214625040816e17	0.0038230583361994826
5.237433158793111e17	0.003821145952971049
5.3594286489318637e17	0.003819218585504582
5.484265779080706e17	0.0038172753382069704
5.6120107395384115e17	0.003815315661674209
5.7427312623740096e17	0.0038133386649907286
5.876496657338906e17	0.003811343648274288
6.0133778486162e17	0.0038093299648398714
6.153447412425247e17	0.003807296936045484
6.296779615502917e17	0.003805241749518041
6.44345045448046e17	0.003803174269879296
6.593537696178065e17	0.003801231993611847
6.747120918838026e17	0.003799576626249146
6.904281554317804e17	0.0037979117499288557
7.065102931266706e17	0.003796249450817244
7.229670319307402e17	0.0037945893901294423
7.398070974247453e17	0.003792931393270012
7.570394184343036e17	0.0037912751072179526
7.746731317641231e17	0.0037896203144662335
7.927175870424154e17	0.0037879666823685673
8.111823516782086e17	0.0037863139430300012
8.300772159341362e17	0.0037846617973359784
8.49412198117316e17	0.0037830098709814913
8.691975498912442e17	0.003781357930322077
8.894437617113073e17	0.003779705558496357
9.10161568387017e17	0.0037780525072429534
9.313619547736905e17	0.0037763983429087706
9.530561615968256e17	0.003774742721441794
9.752556914120292e17	0.00377308529322075
9.979723147038465e17	0.003771425602576381
1.0212180761266532e18	0.0037697633353129065
1.0450053008908332e18	0.0037680979767610464
1.0693466012978342e18	0.0037664291998728535
1.0942548834273105e18	0.003764756459598924
1.1197433539801642e18	0.00376307935148415
1.1458255272808541e18	0.0037613973860655577
1.1725152324428928e18	0.0037597100020716153
1.199826620701256e18	0.003758016772402477
1.227774172915488e18	0.003756317078424748
1.2563727072477222e18	0.0037546104342320156
1.2856373870193876e18	0.0037528962170013066
1.315583728751084e18	0.003751173796875028
1.3462276103895626e18	0.0037494426210317967
1.3775852797265096e18	0.0037477019631941967
1.409673363013265e18	0.0037459512292771164
1.442508873776311e18	0.0037441896535307597
1.4761092218381071e18	0.0037424165944376724
1.5104922225479252e18	0.003740631243422252
1.545676106227879e18	0.0037388328769560994
1.5816795278387837e18	0.0037370207115831073
1.618521576871365e18	0.0037351938781433466
1.6562217874676562e18	0.003733351654142155
1.6948001487783634e18	0.00373149311586905
1.7342771155612849e18	0.0037296175093561685
1.7746736190267343e18	0.0037277238997659575
1.8160110779355886e18	0.003725811547495092
1.8583114099556977e18	0.0037238795660722215
1.90159704328304e18	0.003721927143872451
1.945890928533328e18	0.0037199536042348646
1.9912165509108513e18	0.0037179526153555955
2.0375979426605348e18	0.003715961954467981
2.0850596958101978e18	0.003714217573993381
2.1336269752096238e18	0.003712641107059239
2.1833255318731804e18	0.0037110599855895475
2.2341817166334838e18	0.0037094813110492377
2.2862224941128192e18	0.003707904874548398
2.339475457020284e18	0.0037063303334953276
2.39396884078166e18	0.003704757541011128
2.449731538510362e18	0.003703186112107391
2.5067931163268127e18	0.003701615877397728
2.5651838290348493e18	0.003700046451895325
2.624934636163283e18	0.0036984776492101777
2.686077218380906e18	0.0036969090873481456
2.7486439942941716e18	0.003695340453527986
2.8126681376357944e18	0.003693771489866467
2.8781835948540785e18	0.0036922017805839195
2.945225103111594e18	0.003690631063294722
3.0138282087034665e18	0.003689058900614206
3.0840292859043267e18	0.003687485020294237
3.1558655562545014e18	0.0036859089717533227
3.2293751082954465e18	0.0036843303485929505
3.304596917764617e18	0.003682748804823473
3.381570868261124e18	0.0036811638399261923
3.460337772392338e18	0.0036795750846024015
3.540939393413487e18	0.0036779820075673484
3.623418467370899e18	0.0036763842224092143
3.7078187257612943e18	0.0036747811560912972
3.794184918718901e18	0.003673172292206731
3.8825628387423565e18	0.0036715571773707754
3.9729993449747395e18	0.0036699351503076717
4.0655423880486584e18	0.003668305719394507
4.16024103551057e18	0.003666668192949109
4.2571454978367744e18	0.003665022022817425
4.3563071550559493e18	0.003663366473792868
4.4577785839912776e18	0.003661700914792883
4.5616135861374766e18	0.0036600246173305335
4.667867216187177e18	0.003658336779629492
4.776595811221388e18	0.0036566367382558328
4.887857020580468e18	0.0036549235620536883
5.001709836430256e18	0.003653196522617321
5.118214625040816e18	0.0036514547342986134
5.237433158793111e18	0.0036496973272972136
5.359428648931864e18	0.0036479233482424674
5.484265779080706e18	0.003646131928369443
5.612010739538412e18	0.0036443220702389555
5.74273126237401e18	0.0036424927758982838
5.876496657338906e18	0.003640643172888295
6.0133778486162e18	0.003638772201051674
6.153447412425247e18	0.0036368790098543096
6.296779615502918e18	0.0036349626424460814
6.44345045448046e18	0.003633014995418
6.593537696178064e18	0.003631088464103283
6.747120918838026e18	0.0036294793977093235
6.904281554317804e18	0.003627980191249458
7.065102931266706e18	0.0036264786492940745
7.229670319307402e18	0.003624979572855015
7.398070974247454e18	0.0036234826444973872
7.570394184343036e18	0.003621987687948765
7.746731317641232e18	0.0036204943910354416
7.927175870424154e18	0.0036190025528211964
8.111823516782087e18	0.0036175119031677046
8.300772159341362e18	0.003616022126060563
8.49412198117316e18	0.003614532998406342
8.691975498912441e18	0.003613044153783742
8.894437617113073e18	0.003611555373914585
9.101615683870169e18	0.0036100662553823415