0.5116401504892482	0.04555686273717495
0.5235577805651181	0.041343680221143084
0.5357530079063502	0.038254463537162164
0.5482322985839037	0.035825347770130675
0.5610022692828786	0.033837376755303246
0.57406969081077	0.032165676078829454
0.5874414916874401	0.030736519189067796
0.6011247618187104	0.029500613320091632
0.6151267562555238	0.028415073641656408
0.6294548990406691	0.02746451794818841
0.6441167871451062	0.02661977419975601
0.6591201944959814	0.025874004661233265
0.6744730760984654	0.025212471760228724
0.6901835722536035	0.02462374309988568
0.70626001287441	0.024099127433641336
0.722710921902499	0.02363224182236072
0.7395450218275906	0.023218674722361804
0.7567712383122908	0.022855711746641992
0.7743987049245957	0.022525633329859726
0.7924367679806303	0.02223287824070246
0.810894991500189	0.021971041278438342
0.8297831622777051	0.021729680339496633
0.8491112950713394	0.02150883413559088
0.8688896379129373	0.02130471233069263
0.8891286775416706	0.021111733445600914
0.9098391449642459	0.020931778500446068
0.931032021144626	0.02074575506268689
0.9527185428262828	0.02056747677492619
0.9749102084900667	0.020399393791670568
0.9976187844508543	0.020222518209712874
1.0208563110962028	0.020058318188588675
1.0446351092703259	0.019898753780910036
1.0689677868067642	0.019735602737654283
1.0938672452132292	0.019584354987630597
1.1193466865121506	0.019435400914074082
1.145419620240566	0.019284476576139825
1.1720998706130539	0.019144590669668705
1.1994015838515166	0.019008278490086974
1.2273392356856943	0.018867910836160153
1.2559276390283878	0.01873782312664407
1.2851819518294618	0.01861666544111372
1.3151176851127901	0.01848543756715866
1.3457507112004055	0.018363909931500517
1.377097272128216	0.018251435854706823
1.409173988257746	0.01813835547750006
1.4419978670884734	0.018024646545619645
1.4755863122754291	0.01791964352995835
1.5099571328568473	0.01782277616617757
1.5451285526967513	0.017724093274930342
1.5811192201474897	0.017626149951990758
1.6179482179373372	0.017535957848938716
1.6556350732884115	0.017452916019157955
1.6941997682702643	0.017376121945112663
1.7336627503946391	0.01729153262077607
1.7740449434570125	0.017213423889693612
1.8153677586306676	0.017141190026277182
1.8576531058191807	0.017074266713115255
1.900923405273346	0.017012148109950696
1.9452015994786827	0.016948530703208595
1.9905111653198504	0.016883494374140644
2.0368761265284006	0.01682285397927825
2.084321066420479	0.0167662793263952
2.1328711409312247	0.016713454081973306
2.182552091952779	0.016664119978254503
2.2333902609829788	0.016618041153328225
2.2854126030919666	0.016570410969946953
2.338646701214126	0.016521287292215248
2.393120780772918	0.016475198276035483
2.448863724646374	0.01643183062420882
2.505905088481181	0.016390872430800184
2.5642751163634756	0.016352021165558627
2.6240047568546596	0.016314993047495587
2.6851256794007377	0.016279532460296897
2.7476702911238737	0.016245419729366863
2.8116717540050797	0.016211195417306576
2.8771640024671346	0.016172017169497573
2.9441817613670653	0.016133977855319923
3.0127605644077255	0.01609697604475621
3.082936772978235	0.016060945068188177
3.15474759543327	0.016025855520288245
3.228231106821425	0.015991679437925132
3.303426269073105	0.015958390013946
3.3803729516586656	0.015925961507305075
3.4591119527277208	0.015894369145885084
3.539685020740872	0.015863589019915768
3.6221348766052905	0.01582998508374606
3.7065052363259077	0.015793874296043238
3.792840834184222	0.0157586826353133
3.8811874464570044	0.015724383266959352
3.9715919156874873	0.01569094956075217
4.064102175521904	0.01565835489642375
4.15876727612453	0.01562657248131856
4.255637410184753	0.015595575196170263
4.354763939529873	0.015565335487948655
4.456199422357846	0.01553582532919307
4.5599976411043315	0.015507016259849273
4.666213630958829	0.015476615622758013
4.774903709045105	0.015442420120609422
4.886125504281235	0.015408989572172528
4.999937987935256	0.015376289177980418
5.116401504892479	0.015344285035359466
5.2355778056511815	0.015312944306528646
5.357530079063499	0.015282235211687875
5.482322985839036	0.015252126835599962
5.610022692828783	0.015222588782273871
5.740696908107703	0.015193590440484513
5.874414916874401	0.015165101070086805
6.011247618187107	0.015137089695078687
6.151267562555238	0.01510295529399959
6.294548990406693	0.01506896844286528
6.4411678714510625	0.015035458559274394
6.591201944959817	0.01500238156182528
6.7447307609846545	0.014969691854873082
6.901835722536038	0.014937342263587684
7.0626001287441	0.014905283944639558
7.227109219024993	0.014873466284888441
7.395450218275906	0.014841836825826566
7.567712383122912	0.014810341286958757
7.743987049245957	0.014775772121587406
7.924367679806308	0.014736247491358137
8.10894991500189	0.014696693067281927
8.297831622777046	0.014657042608743016
8.491112950713394	0.014617235952204368
8.68889637912937	0.014577223178081087
8.891286775416706	0.014536969464257463
9.098391449642454	0.014496460272791944
9.31032021144626	0.014455706509271854
9.527185428262822	0.014404240200903083
9.749102084900667	0.014352292252039075
9.976187844508537	0.014300339998765345
10.208563110962034	0.014248548096051179
10.446351092703258	0.014197108699128838
10.689677868067648	0.014146231090813005
10.938672452132291	0.014088196735051538
11.193466865121513	0.01402578259713048
11.45419620240566	0.013964880807609383
11.720998706130544	0.01390567782132486
11.994015838515166	0.013848313268740649
12.273392356856949	0.013789825077936739
12.559276390283879	0.013721499815360418
12.851819518294626	0.013655769687435966
13.1511768511279	0.013592638763193856
13.457507112004063	0.013532103140724833
13.77097272128216	0.013469728628780063
14.09173988257747	0.013398540179964395
14.419978670884733	0.013330728629150836
14.755863122754285	0.01326629738460531
15.099571328568471	0.013205241278485292
15.451285526967506	0.013137193174958782
15.811192201474897	0.013066744738990537
16.179482179373363	0.01300049541231135
16.556350732884116	0.012938311806162266
16.941997682702635	0.012879280652972567
17.336627503946392	0.012808083067685225
17.740449434570113	0.012741489173579012
18.153677586306674	0.012679236754840456
18.576531058191808	0.012621067392915354
19.00923405273347	0.012559632268951619
19.452015994786827	0.012492899610318901
19.905111653198514	0.012430603861924232
20.368761265284007	0.012372466392854938
20.8432106642048	0.01231822425173287
21.328711409312245	0.012256199155990667
21.8255209195278	0.012193630163320285
22.33390260982979	0.012135284387466748
22.85412603091968	0.01208087906524025
23.38646701214126	0.012030145927622726
23.93120780772919	0.011969408123676473
24.48863724646374	0.011910391222308527
25.05905088481182	0.011855325460185114
25.642751163634756	0.01180393250506643
26.240047568546586	0.011755954341244547
26.851256794007377	0.011697967774553902
27.476702911238725	0.011641536581301237
28.116717540050796	0.01158882142081556
28.77164002467133	0.01153957163064486
29.44181761367065	0.011493556001561255
30.12760564407724	0.011439400169130828
30.82936772978235	0.011384754301533883
31.547475954332686	0.011333699768948633
32.28231106821425	0.011286004615939654
33.034262690731055	0.011241453025853583
33.80372951658667	0.01119226933101482
34.59111952727721	0.011138946269761592
35.39685020740874	0.011089162126203991
36.221348766052905	0.01104268999808292
37.0650523632591	0.010999316638925016
37.92840834184222	0.010956554904293325
38.81187446457006	0.010904252727559337
39.715919156874875	0.01085545534719855
40.641021755219036	0.010809930514043282
41.587672761245294	0.010767459710469187
42.55637410184753	0.010727837497777745
43.54763939529873	0.0106811937567962
44.56199422357851	0.010632977795200251
45.599976411043315	0.010587983629439154
46.66213630958834	0.010545990077038932
47.749037090451054	0.010506791071755252
48.86125504281235	0.01046974681829555
49.99937987935256	0.010421524483450692
51.16401504892479	0.0103764948569833
52.35577805651181	0.01033444494847353
53.57530079063499	0.01029517844159173
54.82322985839036	0.010258514312957405
56.10022692828783	0.010220611359849415
57.40696908107702	0.010175084308680905
58.744149168744016	0.010132601715749803
60.11247618187107	0.010092972206752633
61.512675625552376	0.010056016590760641
62.94548990406694	0.010021566334006882
64.41167871451063	0.009984832050578091
65.91201944959818	0.009941779250649142
67.44730760984655	0.0099016747890833
69.01835722536039	0.009864319386653378
70.626001287441	0.009829521817308128
72.27109219024993	0.009797098553788722
73.95450218275906	0.009764375252046521
75.67712383122912	0.009723368337721172
77.43987049245958	0.009685084666381828
79.24367679806308	0.009649311063049693
81.0894991500189	0.009615851060035954
82.97831622777055	0.0095845259278606
84.91112950713395	0.009555175123293224
86.88896379129369	0.009517197577240047
88.91286775416707	0.009479265125951758
90.98391449642455	0.009443681012707376
93.1032021144626	0.009410301672903128
95.27185428262823	0.009378998716844066
97.49102084900667	0.009349655538741022
99.76187844508537	0.009317131636072201
102.08563110962034	0.00927891134399154
104.46351092703259	0.009243149248441633
106.89677868067649	0.009209706162754447
109.3867245213229	0.00917844750139112
111.93466865121512	0.009149243119200363
114.54196202405659	0.009121967587736814
117.20998706130544	0.009084675878921459
119.94015838515166	0.009048996856181175
122.7339235685695	0.009015699297290528
125.59276390283878	0.008984630419217352
128.51819518294624	0.008955647064324295
131.511768511279	0.008928615295600933
134.57507112004063	0.008898699496867748
137.7097272128216	0.00886304006545049
140.91739882577468	0.008829806673518953
144.19978670884734	0.008798841944510789
147.55863122754297	0.008769997685612547
150.99571328568473	0.008743134123390117
154.51285526967507	0.008718119265898303
158.11192201474896	0.008686903630139886
161.79482179373363	0.008653612196988512
165.56350732884115	0.00862261409972248
169.41997682702635	0.00859374845245626
173.36627503946391	0.008566863951146775
177.40449434570115	0.008541818635967978
181.53677586306677	0.008518479689167462
185.76531058191807	0.008488611237519938
190.09234052733467	0.008457092635357584
194.52015994786828	0.008427688022525207
199.05111653198514	0.008400245616070747
203.68761265284004	0.008374626151265895
208.432106642048	0.008350702206571456
213.28711409312245	0.008328357360206025
218.25520919527798	0.008301676817660824
223.33902609829786	0.008271025891008942
228.5412603091968	0.008242396835187807
233.86467012141262	0.008215659779681235
239.31207807729191	0.008190694438628202
244.8863724646374	0.008167389010557902
250.5905088481182	0.008145639241206249
256.42751163634756	0.008123598525328587
262.4004756854661	0.008093480952429863
268.5125679400738	0.008065400264409965
274.7670291123872	0.00803922683915266
281.167175400508	0.008014838194252093
287.7164002467133	0.007992118550238255
294.4181761367065	0.007970958590659766
301.2760564407724	0.007951255392394557
308.2936772978235	0.007926568257986127
315.47475954332685	0.00789904839970853
322.8231106821425	0.007873438396444457
330.34262690731055	0.007849613974896577
338.03729516586674	0.007827460897646122
345.9111952727721	0.00780687440184286
353.9685020740874	0.007787758466831995
362.21348766052904	0.00777002497852233
370.650523632591	0.007747966347189811
379.2840834184222	0.007723117801256999
388.11874464570064	0.007700150532087131
397.1591915687487	0.00767895842459352
406.4102175521899	0.007659442731512267
415.87672761245335	0.0076415115865719
425.5637410184753	0.007625079650873295
435.4763939529873	0.007610067822098487
445.61994223578466	0.007596402948176196
455.9997641104336	0.007582857340312006
466.6213630958834	0.007564308874190811
477.49037090451054	0.007547665785392542
488.6125504281235	0.007532839056315568
499.9937987935251	0.007519744811951211
511.6401504892484	0.007508302383171195
523.5577805651182	0.007498431845408318
535.7530079063499	0.007490050945194323
548.2322985839031	0.0074830713561604995
561.0022692828788	0.00747739434205639
574.0696908107702	0.007472906111890751
587.4414916874401	0.00746947348418516
601.1247618187101	0.007466940894871933
615.1267562555245	0.00746513020899928
629.4548990406694	0.007463844950789129
644.1167871451063	0.007462880197682748
659.120194495981	0.007462038081765737
674.4730760984661	0.00746114677015254
690.1835722536039	0.007460078515118801
706.26001287441	0.007458761322330078
722.7109219024986	0.007457180056817383
739.5450218275913	0.007455366461281806
756.7712383122912	0.007453381800188936
774.3987049245958	0.007451298307048342
792.43676798063	0.007449184964951105
810.8949915001898	0.007447100179681988
829.7831622777055	0.007445090630692025
849.1112950713394	0.007443193664109776
868.8896379129369	0.007441440473381705
889.1286775416715	0.007439858367805928
909.8391449642464	0.007438495234801489
931.032021144626	0.007437353672252581
952.7185428262823	0.007436448269552624
974.9102084900657	0.007435787700216382
997.6187844508547	0.007435373362369703
1020.8563110962033	0.007435198514411634
1044.6351092703258	0.0074352478342432915
1068.9677868067638	0.0074354975629579104
1093.8672452132303	0.007435916372946457
1119.3466865121513	0.007436467079736664
1145.419620240566	0.0074371118325594595
1172.099870613053	0.007437800112164777
1199.401583851518	0.007438500663200195
1227.3392356856948	0.007439195186314549
1255.9276390283878	0.007439876354815902
1285.1819518294612	0.007440546726326732
1315.1176851127914	0.007441216374199251
1345.7507112004062	0.00744189961169458
1377.097272128216	0.007442611774604852
1409.1739882577453	0.007443366653092953
1441.9978670884748	0.00744416401828629
1475.58631227543	0.007444997906980091
1509.9571328568472	0.007445856631917404
1545.1285526967506	0.007446724618543319
1581.1192201474912	0.007447584821488506
1617.948217937338	0.007448421555316274
1655.6350732884116	0.007449223498222033
1694.1997682702633	0.0074499803193223725
1733.6627503946372	0.007450707224824313
1774.0449434570132	0.007451422360372329
1815.3677586306676	0.007452146149195089
1857.6531058191806	0.0074529000249792905
1900.9234052733448	0.0074537035381345524
1945.2015994786848	0.007454571910934125
1990.5111653198514	0.0074555143446790595
2036.8761265284006	0.007456533322443813
2084.321066420478	0.00745762800233399
2132.871140931227	0.007458784865214866
2182.55209195278	0.007459995946296887
2233.390260982979	0.007461259190751827
2285.4126030919656	0.007462581203271945
2338.6467012141284	0.007463980032958735
2393.1207807729193	0.007465486751393166
2448.863724646374	0.007467145545548316
2505.9050884811795	0.00746901232224397
2564.275116363478	0.007471152152806092
2624.004756854661	0.007473644728953805
2685.1256794007377	0.007476583820864907
2747.670291123872	0.007480022192815556
2811.6717540050827	0.007484031008721792
2877.164002467136	0.007488681387842693
2944.181761367065	0.007494045967604435
3012.760564407724	0.007500201575025412
3082.936772978232	0.007507233086015096
3154.7475954332717	0.0075152383316923746
3228.231106821425	0.007524333636552305
3303.4262690731052	0.007534659229264078
3380.3729516586636	0.007546383436248476
3459.1119527277247	0.007559704410156813
3539.685020740874	0.007574848235684601
3622.1348766052906	0.007589496496038454
3706.505236325906	0.007601053160373842
3792.840834184226	0.007614104513805105
3881.1874464570064	0.0076287789547118505
3971.591915687487	0.007645190709908119
4064.1021755218994	0.007663433198953661
4158.767276124533	0.007683577935058537
4255.637410184753	0.00770567758624281
4354.763939529873	0.00772977310150366
4456.199422357847	0.007755903546869376
4559.997641104336	0.00777538882251675
4666.213630958834	0.007793503927352881
4774.903709045106	0.007812947411467848
4886.1255042812345	0.007833781425594022
4999.937987935262	0.007856078397507543
5116.401504892484	0.00787991983225195
5235.577805651181	0.007905395332820147
5357.530079063499	0.007932602144855132
5482.3229858390305	0.007954380979918322
5610.022692828788	0.007973114409472242
5740.696908107702	0.007993103203240093
5874.414916874402	0.008014430436216918
6011.247618187101	0.00803718799131306
6151.267562555244	0.008061477852052018
6294.5489904066935	0.008087412811407688
6441.167871451063	0.008115116917016793
6591.20194495981	0.008138354423202992
6744.730760984661	0.008157728240672731
6901.835722536039	0.008178447671375412
7062.6001287441	0.008200608696085656
7227.109219024986	0.008224310061527556
7395.450218275913	0.008249652968800338
7567.712383122912	0.00827670848267905
7743.987049245958	0.008305604487559402
7924.3676798063	0.00832929773231687
8108.949915001898	0.00834969857085938
8297.831622777056	0.008371462299302655
8491.112950713394	0.00839466942520365
8688.896379129368	0.008419405088329316
8891.286775416715	0.008445759488083982
9098.391449642464	0.008473828897584641
9310.32021144626	0.008503716470436053
9527.185428262823	0.008526524449412248
9749.102084900656	0.008547760105925372
9976.187844508548	0.008570363376688102
10208.563110962023	0.008594421415430613
10446.351092703248	0.008620026731272828
10689.677868067627	0.00864727636489469
10938.672452132314	0.008676269316357227
11193.466865121523	0.008707102941841653
11454.19620240567	0.008728817697074643
11720.998706130544	0.008750884222800312
11994.015838515166	0.00877426674668217
12273.392356856937	0.008798984583680712
12559.276390283865	0.008825030307425692
12851.819518294598	0.008852361001781479
13151.176851127928	0.008880888139686568
13457.507112004076	0.008910467398748206
13770.972721282174	0.008930744742939065
14091.739882577469	0.008950662073482048
14419.978670884733	0.008970711960176861
14755.863122754285	0.00899059713367135
15099.571328568456	0.009009962220993475
15451.285526967491	0.009028401201580688
15811.192201474929	0.009045474683192787
16179.482179373397	0.009060738294102724
16556.350732884133	0.009073780980354799
16941.99768270265	0.009084269676791394
17336.62750394639	0.00909199081961461
17740.449434570113	0.009096880803408878
18153.677586306658	0.009099036011332712
18576.531058191787	0.009098697308664205
19009.234052733427	0.009096211343096067
19452.015994786867	0.009091976595432472
19905.111653198535	0.009086388928304564
20368.761265284025	0.009079798511444402
20843.210664204802	0.00907248524494909
21328.711409312244	0.009064653571770394
21825.52091952778	0.0090564417667436
22333.902609829765	0.009047939281406205
22854.126030919633	0.009039205022715411
23386.46701214131	0.009030282469073326
23931.207807729217	0.009021208861415709
24488.637246463764	0.00901201972038142
25059.05088481182	0.009002750708544748
25642.751163634755	0.008993437835345756
26240.047568546586	0.008984116555687266
26851.25679400735	0.008974820369051659
27476.702911238695	0.008965579322152297
28116.717540050853	0.008956418592002571
28771.64002467139	0.008947357419343844
29441.817613670682	0.008938408568012177
30127.60564407727	0.008929578392563697
30829.36772978235	0.008920867474046202
31547.475954332684	0.008912145318797636
32282.311068214218	0.00889914645066087
33034.26269073102	0.008886298406431991
33803.7295165866	0.008873583922950998
34591.11952727728	0.008860984694077088
35396.850207408774	0.008848482158756771
36221.34876605294	0.008836058148531013
37065.0523632591	0.00882369550388884
37928.40834184222	0.008811378779205382
38811.87446457002	0.008799094978876714
39715.91915687483	0.008786834354140877
40641.02175521895	0.008774591194655889
41587.672761245376	0.008762364542794287
42556.37410184758	0.008750158705204535
43547.63939529877	0.008737983483659189
44561.99422357851	0.008725853973845824
45599.97641104331	0.008713789880071267
46662.13630958829	0.008697548888959534
47749.037090451005	0.008679223449820852
48861.2550428123	0.00866111754896521
49999.379879352666	0.008643264795615816
51164.01504892489	0.008625692188542975
52355.77805651187	0.008608418199059938
53575.30079063505	0.008591452125537646
54823.22985839036	0.008574794942981998
56100.22692828783	0.00855844154105944
57406.96908107697	0.008542383981612363
58744.149168743956	0.008526615189754191
60112.476181870945	0.008510993581587502
61512.6756255525	0.00848730174170167
62945.489904067	0.008464095830986302
64411.67871451069	0.00844140972606055
65912.01944959817	0.008419289519541063
67447.30760984654	0.008397790778311133
69018.35722536032	0.008376974666532158
70626.00128744093	0.008356903308322049
72271.09219024978	0.008337634857303414
73954.50218275921	0.008319218812741041
75677.1238312292	0.008292523687825678
77439.87049245965	0.008266357844962987
79243.67679806308	0.008241636579724402
81089.49915001889	0.008218342081614089
82978.31622777047	0.008196436093841823
84911.12950713385	0.008175864692770991
86888.9637912936	0.008156563691825257
88912.86775416725	0.00813846381549136
90983.91449642472	0.008117446171019123
93103.20211446269	0.00809208193460648
95271.85428262832	0.008068307987665297
97491.02084900667	0.008046030397159669
99761.87844508537	0.008025163199036482
102085.63110962023	0.008005627973087053
104463.51092703248	0.007987353091640831
106896.77868067626	0.00797027281650707
109386.72452132314	0.007954326332073474
111934.66865121524	0.007937099908334149
114541.96202405672	0.007914717873255641
117209.98706130544	0.007893897989861726
119940.15838515166	0.007874559813494183
122733.92356856936	0.007856625362602029
125592.76390283866	0.00784002155885989
128518.19518294599	0.007824672606870333
131511.76851127928	0.007810508831843149
134575.07112004075	0.007797465823052963
137709.72721282174	0.007785482674079282
140917.3988257747	0.007774503553332858
144199.78670884733	0.007764478087456638
147558.63122754285	0.007750792031304021
150995.71328568456	0.007737233283385759
154512.8552696749	0.007725033726470463
158111.9220147493	0.00771414304840213
161794.82179373398	0.0077045150126637
165563.5073288413	0.007696105638446452
169419.97682702652	0.00768887054932809
173366.27503946392	0.007682762394109061
177404.49434570115	0.00767772903568123
181536.77586306658	0.00767371131073518
185765.31058191787	0.007670641722206891
190092.34052733428	0.00766844479941335
194520.15994786867	0.007667037050547325
199051.11653198535	0.007666329569514764
203687.61265284027	0.007666232554220136
208432.10664204802	0.007666659054966807
213287.11409312245	0.007667529655043948
218255.20919527777	0.007668776751211255
223339.02609829765	0.007670346831337556
228541.2603091963	0.007672200042483553
233864.6701214131	0.007674307898024833
239312.07807729216	0.007676652094008175
244886.37246463765	0.007679221857234548
250590.50884811822	0.0076820125507446055
256427.51163634754	0.007685027588597372
262400.47568546585	0.0076882795801988596
268512.5679400735	0.007691790172772669
274767.0291123869	0.007695589654634154
281167.1754005085	0.007699713201690744
287716.4002467139	0.0077041962934059054
294418.17613670684	0.007709068981306718
301276.05644077266	0.007714352424604961
308293.6772978235	0.0077200481405655125
315474.75954332686	0.007726140025262962
322823.1106821422	0.007732602368524579
330342.62690731016	0.007739401302575401
338037.29516586603	0.007746499371456476
345911.1952727728	0.007753861104297205
353968.50207408774	0.00776145791237834
362213.48766052944	0.007766566551347319
370650.52363259095	0.007771392777709035
379284.0834184222	0.007776334570740518
388118.7446457002	0.007781388953979034
397159.1915687483	0.007786554147187739
406410.21755218954	0.007791829431827718
415876.7276124538	0.007797215049849925
425563.74101847573	0.007802712375238892
435476.39395298774	0.0078083233247970025
445619.9422357851	0.007814049089814534
455999.7641104331	0.007819889141851685
466621.36309588293	0.007825840762562543
477490.37090451	0.007831898660550639
488612.550428123	0.007838052307305473
499993.79879352666	0.00784428556410077
511640.150489249	0.00785060135127859
523557.78056511865	0.007856990874065342
535753.0079063504	0.007863444607580374
548232.2985839036	0.007869952663905529
561002.2692828783	0.007876507508764608
574069.6908107697	0.007883106346179159
587441.4916874395	0.007889751554999913
601124.7618187094	0.007896451897666114
615126.756255525	0.007903222062117847
629454.89904067	0.00791008029954796
644116.7871451069	0.007917047140619915
659120.1944959817	0.007924144876259864
674473.0760984655	0.007931396917556646
690183.5722536031	0.007938827530316316
706260.0128744093	0.007945222237770342
722710.9219024979	0.007950017912626424
739545.021827592	0.007954960552226959
756771.238312292	0.00796005447918483
774398.7049245966	0.007965298332835977
792436.7679806307	0.007970684881546375
810894.991500189	0.007976202488964754
829783.1622777047	0.007981840293220672
849111.2950713385	0.007987580272822446
868889.6379129359	0.007993425664962441
889128.6775416725	0.007999380055499132
909839.1449642474	0.008005450014679507
931032.021144627	0.008011644566270461
952718.5428262833	0.008017973995438209
974910.2084900667	0.008024451080831347
997618.7844508537	0.008031090996764636
1.0208563110962023e6	0.008037913342842762
1.0446351092703248e6	0.008044943239188354
1.0689677868067627e6	0.008052211713605775
1.0938672452132313e6	0.008059755269920773
1.1193466865121524e6	0.008067615798827454
1.145419620240567e6	0.008075841383352723
1.1720998706130544e6	0.008084488439903772
1.1994015838515165e6	0.008093624264392802
1.2273392356856936e6	0.00810332996088383
1.2559276390283864e6	0.008113704603776258
1.28518195182946e6	0.00812486741046608
1.3151176851127928e6	0.008133647315438149
1.3457507112004077e6	0.008141791883226038
1.3770972721282174e6	0.008150760189519131
1.409173988257747e6	0.008160728542370725
1.4419978670884734e6	0.008171911329858854
1.4755863122754283e6	0.008184588398497524
1.5099571328568456e6	0.008199117012473571
1.545128552696749e6	0.008215957548469148
1.5811192201474928e6	0.008235709586002666
1.6179482179373396e6	0.008259136718366101
1.6556350732884132e6	0.008287970472558435
1.694199768270265e6	0.008322473091088224
1.733662750394639e6	0.00834994609574833
1.7740449434570114e6	0.008384343084245374
1.8153677586306657e6	0.008428316536589958
1.8576531058191787e6	0.008485952150932024
1.900923405273343e6	0.008543587863551111
1.9452015994786867e6	0.008609135885853384
1.9905111653198535e6	0.008699228786082645
2.0368761265284026e6	0.008783274642880702
2.0843210664204801e6	0.008903074236967188
2.1328711409312245e6	0.009023132075712679
2.1825520919527775e6	0.009176179661452276
2.2333902609829763e6	0.009349514216170873
2.285412603091963e6	0.009550537039514624
2.338646701214131e6	0.009784091927491747
2.3931207807729216e6	0.01006306155572617
2.4488637246463764e6	0.010354271592402703
2.505905088481182e6	0.01070695529481374
2.5642751163634756e6	0.011127013502612759
2.6240047568546585e6	0.01170259196391479
2.685125679400735e6	0.012460130355684359